"playerID";"player_url"
"299";"https://www.eliteprospects.com/player/299/patrik-carnback"
"297";"https://www.eliteprospects.com/player/297/niklas-andersson"
"153";"https://www.eliteprospects.com/player/153/peter-berndtsson"
"1978";"https://www.eliteprospects.com/player/1978/mikael-andersson"
"1434";"https://www.eliteprospects.com/player/1434/par-edlund"
"1437";"https://www.eliteprospects.com/player/1437/stefan-larsson"
"2806";"https://www.eliteprospects.com/player/2806/arto-sirvio"
"1805";"https://www.eliteprospects.com/player/1805/serge-boisvert"
"1809";"https://www.eliteprospects.com/player/1809/kari-jaako"
"1803";"https://www.eliteprospects.com/player/1803/terho-koskela"
"1799";"https://www.eliteprospects.com/player/1799/stefan-axelsson"
"1462";"https://www.eliteprospects.com/player/1462/joacim-esbjors"
"1438";"https://www.eliteprospects.com/player/1438/leif-carlsson"
"1436";"https://www.eliteprospects.com/player/1436/mats-ake-lundstrom"
"1523";"https://www.eliteprospects.com/player/1523/hakan-nordin"
"1496";"https://www.eliteprospects.com/player/1496/jonas-heed"
"2807";"https://www.eliteprospects.com/player/2807/jorgen-palm"
"1557";"https://www.eliteprospects.com/player/1557/jorgen-pettersson"
"1031";"https://www.eliteprospects.com/player/1031/christian-lechtaler"
"748";"https://www.eliteprospects.com/player/748/johan-witehall"
"560";"https://www.eliteprospects.com/player/560/oscar-ackestrom"
"2808";"https://www.eliteprospects.com/player/2808/jonas-andersson"
"1690";"https://www.eliteprospects.com/player/1690/hakan-algotsson"
"1428";"https://www.eliteprospects.com/player/1428/ake-lilljebjorn"
"1852";"https://www.eliteprospects.com/player/1852/per-olof-carlsson"
"346";"https://www.eliteprospects.com/player/346/thomas-forslund"
"1455";"https://www.eliteprospects.com/player/1455/tomas-jonsson"
"351";"https://www.eliteprospects.com/player/351/jens-nielsen"
"767";"https://www.eliteprospects.com/player/767/markus-akerblom"
"2925";"https://www.eliteprospects.com/player/2925/fredrik-olsson"
"1848";"https://www.eliteprospects.com/player/1848/cenneth-soderlund"
"2929";"https://www.eliteprospects.com/player/2929/ronny-reichenberg"
"490";"https://www.eliteprospects.com/player/490/per-lundell"
"1853";"https://www.eliteprospects.com/player/1853/peter-lundmark"
"731";"https://www.eliteprospects.com/player/731/ricard-persson"
"214";"https://www.eliteprospects.com/player/214/marcus-thuresson"
"344";"https://www.eliteprospects.com/player/344/niklas-eriksson"
"1411";"https://www.eliteprospects.com/player/1411/orjan-nilsson"
"2928";"https://www.eliteprospects.com/player/2928/tomas-nord"
"764";"https://www.eliteprospects.com/player/764/orjan-lindmark"
"1378";"https://www.eliteprospects.com/player/1378/tomas-ring"
"1687";"https://www.eliteprospects.com/player/1687/mattias-andersson"
"2927";"https://www.eliteprospects.com/player/2927/nicklas-hillbom"
"2858";"https://www.eliteprospects.com/player/2858/magnus-gustafsson"
"1849";"https://www.eliteprospects.com/player/1849/reine-rauhala"
"765";"https://www.eliteprospects.com/player/765/mattias-loof"
"1466";"https://www.eliteprospects.com/player/1466/fredrik-jax"
"1409";"https://www.eliteprospects.com/player/1409/henrik-bjorkman"
"1333";"https://www.eliteprospects.com/player/1333/olow-sundstrom"
"2924";"https://www.eliteprospects.com/player/2924/lars-erik-lord"
"1851";"https://www.eliteprospects.com/player/1851/jonas-leven"
"1474";"https://www.eliteprospects.com/player/1474/jonas-bergqvist"
"342";"https://www.eliteprospects.com/player/342/magnus-svensson"
"1435";"https://www.eliteprospects.com/player/1435/roger-johansson"
"2926";"https://www.eliteprospects.com/player/2926/hannu-jarvenpaa"
"1482";"https://www.eliteprospects.com/player/1482/joakim-backlund"
"1847";"https://www.eliteprospects.com/player/1847/martin-wiita"
"1940";"https://www.eliteprospects.com/player/1940/conny-jansson"
"757";"https://www.eliteprospects.com/player/757/morgan-samuelsson"
"1804";"https://www.eliteprospects.com/player/1804/oto-hascak"
"2109";"https://www.eliteprospects.com/player/2109/bjorn-carlsson"
"1478";"https://www.eliteprospects.com/player/1478/tomaz-eriksson"
"1490";"https://www.eliteprospects.com/player/1490/peter-ekroth"
"2115";"https://www.eliteprospects.com/player/2115/patrik-nyberg"
"1510";"https://www.eliteprospects.com/player/1510/reine-landgren"
"247";"https://www.eliteprospects.com/player/247/stefan-jonsson"
"1517";"https://www.eliteprospects.com/player/1517/mats-kilstrom"
"1142";"https://www.eliteprospects.com/player/1142/patrik-ekholm"
"1887";"https://www.eliteprospects.com/player/1887/thom-eklund"
"1376";"https://www.eliteprospects.com/player/1376/stefan-nyman"
"2110";"https://www.eliteprospects.com/player/2110/skeeter-moore"
"1375";"https://www.eliteprospects.com/player/1375/thomas-carlsson"
"1620";"https://www.eliteprospects.com/player/1620/stefan-claesson"
"1937";"https://www.eliteprospects.com/player/1937/ola-rosander"
"1472";"https://www.eliteprospects.com/player/1472/jan-bergman"
"2112";"https://www.eliteprospects.com/player/2112/anders-frykbo"
"120881";"https://www.eliteprospects.com/player/120881/mats-lind"
"2111";"https://www.eliteprospects.com/player/2111/stefan-olsson"
"240";"https://www.eliteprospects.com/player/240/magnus-lindquist"
"2116";"https://www.eliteprospects.com/player/2116/stefan-dernestal"
"97299";"https://www.eliteprospects.com/player/97299/magnus-karlsson"
"37";"https://www.eliteprospects.com/player/37/thomas-sjogren"
"1636";"https://www.eliteprospects.com/player/1636/stefan-ketola"
"254";"https://www.eliteprospects.com/player/254/lars-dahlstrom"
"702";"https://www.eliteprospects.com/player/702/daniel-alfredsson"
"296";"https://www.eliteprospects.com/player/296/ronnie-sundin"
"1340";"https://www.eliteprospects.com/player/1340/henrik-lundin"
"1807";"https://www.eliteprospects.com/player/1807/mats-hjalmarsson"
"1660";"https://www.eliteprospects.com/player/1660/trond-magnussen"
"1795";"https://www.eliteprospects.com/player/1795/jerry-persson"
"1611";"https://www.eliteprospects.com/player/1611/patric-aberg"
"1808";"https://www.eliteprospects.com/player/1808/jerk-hogstrom"
"142";"https://www.eliteprospects.com/player/142/mikael-sandberg"
"756";"https://www.eliteprospects.com/player/756/rikard-franzen"
"1480";"https://www.eliteprospects.com/player/1480/patrik-erickson"
"739";"https://www.eliteprospects.com/player/739/niklas-sundblad"
"88";"https://www.eliteprospects.com/player/88/tomas-strandberg"
"1495";"https://www.eliteprospects.com/player/1495/thomas-bjuhr"
"592";"https://www.eliteprospects.com/player/592/kristian-gahn"
"516";"https://www.eliteprospects.com/player/516/petri-liimatainen"
"104";"https://www.eliteprospects.com/player/104/peter-hammarstrom"
"1612";"https://www.eliteprospects.com/player/1612/anders-johnson"
"1410";"https://www.eliteprospects.com/player/1410/patric-englund"
"32";"https://www.eliteprospects.com/player/32/mats-lindberg"
"1521";"https://www.eliteprospects.com/player/1521/mats-thelin"
"1551";"https://www.eliteprospects.com/player/1551/borje-salming"
"1597";"https://www.eliteprospects.com/player/1597/bjorn-ahlstrom"
"585";"https://www.eliteprospects.com/player/585/daniel-jardemyr"
"713";"https://www.eliteprospects.com/player/713/niclas-havelid"
"256";"https://www.eliteprospects.com/player/256/peter-gerhardsson"
"750";"https://www.eliteprospects.com/player/750/mattias-norstrom"
"744";"https://www.eliteprospects.com/player/744/dick-tarnstrom"
"118947";"https://www.eliteprospects.com/player/118947/urban-sjoo"
"1614";"https://www.eliteprospects.com/player/1614/sacha-molin"
"118950";"https://www.eliteprospects.com/player/118950/anders-bjork"
"1484";"https://www.eliteprospects.com/player/1484/sam-lindstahl"
"1616";"https://www.eliteprospects.com/player/1616/rolf-ridderwall"
"1527";"https://www.eliteprospects.com/player/1527/hakan-loob"
"724";"https://www.eliteprospects.com/player/724/mats-lindgren"
"136";"https://www.eliteprospects.com/player/136/peter-ottosson"
"1679";"https://www.eliteprospects.com/player/1679/anders-oberg"
"126";"https://www.eliteprospects.com/player/126/niklas-brannstrom"
"468";"https://www.eliteprospects.com/player/468/jonas-hoglund"
"696";"https://www.eliteprospects.com/player/696/andreas-johansson"
"1277";"https://www.eliteprospects.com/player/1277/peter-hagstrom"
"103";"https://www.eliteprospects.com/player/103/clas-eriksson"
"705";"https://www.eliteprospects.com/player/705/magnus-arvedson"
"1465";"https://www.eliteprospects.com/player/1465/mattias-olsson"
"1553";"https://www.eliteprospects.com/player/1553/tommy-samuelsson"
"1680";"https://www.eliteprospects.com/player/1680/brian-tutt"
"100";"https://www.eliteprospects.com/player/100/thomas-rhodin"
"107";"https://www.eliteprospects.com/player/107/mathias-johansson"
"1677";"https://www.eliteprospects.com/player/1677/jesper-duus"
"1056";"https://www.eliteprospects.com/player/1056/patrik-degerstedt"
"1449";"https://www.eliteprospects.com/player/1449/kjell-dahlin"
"762";"https://www.eliteprospects.com/player/762/jakob-karlsson"
"758";"https://www.eliteprospects.com/player/758/jonas-eriksson"
"1681";"https://www.eliteprospects.com/player/1681/anders-bergman"
"309";"https://www.eliteprospects.com/player/309/bengt-hoglund"
"1460";"https://www.eliteprospects.com/player/1460/patrik-haltia"
"2133";"https://www.eliteprospects.com/player/2133/ulf-andersson"
"959";"https://www.eliteprospects.com/player/959/aleksandrs-belavskis"
"350";"https://www.eliteprospects.com/player/350/mikael-karlberg"
"1529";"https://www.eliteprospects.com/player/1529/patrik-sundstrom"
"2134";"https://www.eliteprospects.com/player/2134/yuri-kuznetsov"
"1841";"https://www.eliteprospects.com/player/1841/joakim-lidgren"
"2135";"https://www.eliteprospects.com/player/2135/stefan-olofsson"
"3296";"https://www.eliteprospects.com/player/3296/hakan-hermansson"
"54";"https://www.eliteprospects.com/player/54/roger-kyro"
"1453";"https://www.eliteprospects.com/player/1453/peter-andersson"
"970";"https://www.eliteprospects.com/player/970/jorgen-hermansson"
"1259";"https://www.eliteprospects.com/player/1259/johan-boman"
"2136";"https://www.eliteprospects.com/player/2136/peder-bejegard"
"1267";"https://www.eliteprospects.com/player/1267/jorgen-eriksson"
"2137";"https://www.eliteprospects.com/player/2137/nicklas-norberg"
"3297";"https://www.eliteprospects.com/player/3297/joakim-lindgren"
"968";"https://www.eliteprospects.com/player/968/mattias-hedlund"
"99616";"https://www.eliteprospects.com/player/99616/ulf-odling"
"222";"https://www.eliteprospects.com/player/222/martin-johansson"
"3401";"https://www.eliteprospects.com/player/3401/anders-oqvist"
"83550";"https://www.eliteprospects.com/player/83550/anders-nejdsater"
"99615";"https://www.eliteprospects.com/player/99615/stefan-nilsson"
"2140";"https://www.eliteprospects.com/player/2140/glenn-hedman"
"1655";"https://www.eliteprospects.com/player/1655/patrik-hofbauer"
"2130";"https://www.eliteprospects.com/player/2130/jorgen-wikstrom"
"1369";"https://www.eliteprospects.com/player/1369/stefan-elvenes"
"1519";"https://www.eliteprospects.com/player/1519/michael-hjalm"
"108";"https://www.eliteprospects.com/player/108/jorgen-jonsson"
"1835";"https://www.eliteprospects.com/player/1835/mats-loov"
"910";"https://www.eliteprospects.com/player/910/pelle-svensson"
"43";"https://www.eliteprospects.com/player/43/daniel-glimmenvall"
"1929";"https://www.eliteprospects.com/player/1929/per-wallin"
"1368";"https://www.eliteprospects.com/player/1368/roger-elvenes"
"1834";"https://www.eliteprospects.com/player/1834/arto-ruotanen"
"2145";"https://www.eliteprospects.com/player/2145/kari-suoraniemi"
"717";"https://www.eliteprospects.com/player/717/kenny-jonsson"
"1912";"https://www.eliteprospects.com/player/1912/tomas-srsen"
"2146";"https://www.eliteprospects.com/player/2146/kari-eloranta"
"2147";"https://www.eliteprospects.com/player/2147/stanislav-meciar"
"695";"https://www.eliteprospects.com/player/695/daniel-tjarnqvist"
"29";"https://www.eliteprospects.com/player/29/michael-johansson"
"4204";"https://www.eliteprospects.com/player/4204/mikael-gath"
"797";"https://www.eliteprospects.com/player/797/bjorn-linden"
"2144";"https://www.eliteprospects.com/player/2144/fredrik-moller"
"4192";"https://www.eliteprospects.com/player/4192/niklas-evertsson"
"1753";"https://www.eliteprospects.com/player/1753/magnus-hermansson"
"172";"https://www.eliteprospects.com/player/172/johan-finnstrom"
"1719";"https://www.eliteprospects.com/player/1719/pierre-johnsson"
"1923";"https://www.eliteprospects.com/player/1923/magnus-swardh"
"1822";"https://www.eliteprospects.com/player/1822/kenneth-johansson"
"105";"https://www.eliteprospects.com/player/105/marko-jantunen"
"42";"https://www.eliteprospects.com/player/42/par-djoos"
"1463";"https://www.eliteprospects.com/player/1463/lars-edstrom"
"129";"https://www.eliteprospects.com/player/129/jonas-esbjors"
"694";"https://www.eliteprospects.com/player/694/per-johan-axelsson"
"307";"https://www.eliteprospects.com/player/307/peter-strom"
"503";"https://www.eliteprospects.com/player/503/jonas-andersson-junkka"
"298";"https://www.eliteprospects.com/player/298/mikael-andersson"
"8356";"https://www.eliteprospects.com/player/8356/ulf-jansson"
"228";"https://www.eliteprospects.com/player/228/peter-hogardh"
"962";"https://www.eliteprospects.com/player/962/greg-parks"
"301";"https://www.eliteprospects.com/player/301/jonas-johnson"
"709";"https://www.eliteprospects.com/player/709/andreas-dackell"
"727";"https://www.eliteprospects.com/player/727/fredrik-modin"
"258";"https://www.eliteprospects.com/player/258/peter-larsson"
"1635";"https://www.eliteprospects.com/player/1635/brian-rafalski"
"120";"https://www.eliteprospects.com/player/120/mikael-lindman"
"234";"https://www.eliteprospects.com/player/234/mikael-wahlberg"
"57";"https://www.eliteprospects.com/player/57/ove-molin"
"1147";"https://www.eliteprospects.com/player/1147/stefan-klockare"
"1637";"https://www.eliteprospects.com/player/1637/bedrich-scerban"
"279";"https://www.eliteprospects.com/player/279/mikael-lind"
"746";"https://www.eliteprospects.com/player/746/tommy-westlund"
"1633";"https://www.eliteprospects.com/player/1633/stefan-polla"
"1638";"https://www.eliteprospects.com/player/1638/per-johan-johansson"
"1414";"https://www.eliteprospects.com/player/1414/mikael-wiklander"
"1632";"https://www.eliteprospects.com/player/1632/jonas-lofstrom"
"340";"https://www.eliteprospects.com/player/340/per-lofstrom"
"266";"https://www.eliteprospects.com/player/266/daniel-casselstal"
"1626";"https://www.eliteprospects.com/player/1626/tommy-melkersson"
"1634";"https://www.eliteprospects.com/player/1634/fredrik-hedstrom"
"1629";"https://www.eliteprospects.com/player/1629/michael-sundlov"
"1403";"https://www.eliteprospects.com/player/1403/lars-karlsson"
"582";"https://www.eliteprospects.com/player/582/greg-brown"
"2142";"https://www.eliteprospects.com/player/2142/harijs-vitolins"
"1427";"https://www.eliteprospects.com/player/1427/jens-hemstrom"
"1688";"https://www.eliteprospects.com/player/1688/anders-berglund"
"1322";"https://www.eliteprospects.com/player/1322/daniel-samuelsson"
"2143";"https://www.eliteprospects.com/player/2143/niclas-gullerstedt"
"1014";"https://www.eliteprospects.com/player/1014/michael-badelt"
"1750";"https://www.eliteprospects.com/player/1750/magnus-wennstrom"
"41973";"https://www.eliteprospects.com/player/41973/patrick-backlund"
"85";"https://www.eliteprospects.com/player/85/kristofer-ottosson"
"1648";"https://www.eliteprospects.com/player/1648/vladimir-orszagh"
"82";"https://www.eliteprospects.com/player/82/mikael-johansson"
"77";"https://www.eliteprospects.com/player/77/nichlas-falk"
"76";"https://www.eliteprospects.com/player/76/joakim-eriksson"
"753";"https://www.eliteprospects.com/player/753/andreas-salomonsson"
"83";"https://www.eliteprospects.com/player/83/kyosti-karjalainen"
"1649";"https://www.eliteprospects.com/player/1649/francois-bouchard"
"89";"https://www.eliteprospects.com/player/89/mathias-tjarnqvist"
"1647";"https://www.eliteprospects.com/player/1647/charles-berglund"
"79";"https://www.eliteprospects.com/player/79/johan-garpenlov"
"752";"https://www.eliteprospects.com/player/752/jimmie-olvestad"
"68";"https://www.eliteprospects.com/player/68/edvin-frylen"
"69";"https://www.eliteprospects.com/player/69/niklas-kronwall"
"70";"https://www.eliteprospects.com/player/70/mikael-magnusson"
"72";"https://www.eliteprospects.com/player/72/ronnie-pettersson"
"1213";"https://www.eliteprospects.com/player/1213/jonas-finn-olsson"
"751";"https://www.eliteprospects.com/player/751/marcus-kristoffersson"
"755";"https://www.eliteprospects.com/player/755/christian-sjogren"
"1283";"https://www.eliteprospects.com/player/1283/tomas-alm"
"327";"https://www.eliteprospects.com/player/327/patrik-nilson"
"742";"https://www.eliteprospects.com/player/742/mikael-tellqvist"
"804";"https://www.eliteprospects.com/player/804/martin-holst"
"1260";"https://www.eliteprospects.com/player/1260/jan-chmelar"
"112";"https://www.eliteprospects.com/player/112/ulf-soderstrom"
"707";"https://www.eliteprospects.com/player/707/christian-berglund"
"114";"https://www.eliteprospects.com/player/114/rickard-wallin"
"106";"https://www.eliteprospects.com/player/106/marcel-jenni"
"94";"https://www.eliteprospects.com/player/94/greger-artursson"
"489";"https://www.eliteprospects.com/player/489/radek-hamr"
"110";"https://www.eliteprospects.com/player/110/peter-nordstrom"
"101";"https://www.eliteprospects.com/player/101/mats-trygg"
"113";"https://www.eliteprospects.com/player/113/marius-trygg"
"96";"https://www.eliteprospects.com/player/96/sergei-fokin"
"99";"https://www.eliteprospects.com/player/99/erik-leverstrom"
"97";"https://www.eliteprospects.com/player/97/jonas-frogren"
"358";"https://www.eliteprospects.com/player/358/robin-jonsson"
"30";"https://www.eliteprospects.com/player/30/andreas-jamtin"
"95";"https://www.eliteprospects.com/player/95/erik-nilsson"
"784";"https://www.eliteprospects.com/player/784/fredrik-eriksson"
"778";"https://www.eliteprospects.com/player/778/daniel-wessner"
"759";"https://www.eliteprospects.com/player/759/magnus-eriksson"
"93";"https://www.eliteprospects.com/player/93/mikael-gerden"
"91";"https://www.eliteprospects.com/player/91/fredrik-eriksson"
"41258";"https://www.eliteprospects.com/player/41258/david-finnstrom"
"55";"https://www.eliteprospects.com/player/55/jan-larsson"
"50";"https://www.eliteprospects.com/player/50/tom-bissett"
"60";"https://www.eliteprospects.com/player/60/daniel-rudslatt"
"59";"https://www.eliteprospects.com/player/59/tony-martensson"
"56";"https://www.eliteprospects.com/player/56/mikko-luovi"
"1624";"https://www.eliteprospects.com/player/1624/marko-tuulola"
"48";"https://www.eliteprospects.com/player/48/tommy-sjodin"
"44";"https://www.eliteprospects.com/player/44/christer-olsson"
"1265";"https://www.eliteprospects.com/player/1265/johan-molin"
"486";"https://www.eliteprospects.com/player/486/johan-lindstrom"
"1157";"https://www.eliteprospects.com/player/1157/daniel-olsson"
"49";"https://www.eliteprospects.com/player/49/kenneth-bergqvist"
"46";"https://www.eliteprospects.com/player/46/henrik-petre"
"1233";"https://www.eliteprospects.com/player/1233/joakim-persson"
"53";"https://www.eliteprospects.com/player/53/kristoffer-jobs"
"52";"https://www.eliteprospects.com/player/52/jonas-floberg"
"1235";"https://www.eliteprospects.com/player/1235/olle-haggstrom"
"58";"https://www.eliteprospects.com/player/58/per-mars"
"917";"https://www.eliteprospects.com/player/917/herman-hultgren"
"38";"https://www.eliteprospects.com/player/38/johan-asplund"
"40";"https://www.eliteprospects.com/player/40/mattias-pettersson"
"39";"https://www.eliteprospects.com/player/39/kristoffer-olsson"
"236";"https://www.eliteprospects.com/player/236/mattias-weinhandl"
"231";"https://www.eliteprospects.com/player/231/tommy-pettersson"
"237";"https://www.eliteprospects.com/player/237/magnus-wernblom"
"226";"https://www.eliteprospects.com/player/226/jorgen-bemstrom"
"233";"https://www.eliteprospects.com/player/233/anders-soderberg"
"207";"https://www.eliteprospects.com/player/207/xavier-majic"
"230";"https://www.eliteprospects.com/player/230/mikael-pettersson"
"218";"https://www.eliteprospects.com/player/218/pierre-hedin"
"221";"https://www.eliteprospects.com/player/221/lars-jansson"
"289";"https://www.eliteprospects.com/player/289/jan-axel-alavaara"
"220";"https://www.eliteprospects.com/player/220/per-hallberg"
"239";"https://www.eliteprospects.com/player/239/stefan-ohman"
"235";"https://www.eliteprospects.com/player/235/fredrik-warg"
"1916";"https://www.eliteprospects.com/player/1916/robert-petrovicky"
"229";"https://www.eliteprospects.com/player/229/joakim-lindstrom"
"225";"https://www.eliteprospects.com/player/225/jan-oberg"
"224";"https://www.eliteprospects.com/player/224/andreas-pihl"
"557";"https://www.eliteprospects.com/player/557/patrik-wallenberg"
"238";"https://www.eliteprospects.com/player/238/peter-oberg"
"861";"https://www.eliteprospects.com/player/861/niclas-wastlund"
"1917";"https://www.eliteprospects.com/player/1917/mikael-pettersson"
"217";"https://www.eliteprospects.com/player/217/peter-hirsch"
"216";"https://www.eliteprospects.com/player/216/tobias-lundstrom"
"522";"https://www.eliteprospects.com/player/522/michal-zajkowski"
"211";"https://www.eliteprospects.com/player/211/juha-riihijarvi"
"208";"https://www.eliteprospects.com/player/208/jesper-mattsson"
"232";"https://www.eliteprospects.com/player/232/kim-staal"
"213";"https://www.eliteprospects.com/player/213/tomas-sandstrom"
"1485";"https://www.eliteprospects.com/player/1485/johan-tornberg"
"205";"https://www.eliteprospects.com/player/205/fredrik-bremberg"
"203";"https://www.eliteprospects.com/player/203/jan-hammar"
"215";"https://www.eliteprospects.com/player/215/mikael-wahlberg"
"206";"https://www.eliteprospects.com/player/206/marcus-magnertoft"
"212";"https://www.eliteprospects.com/player/212/daniel-rydmark"
"201";"https://www.eliteprospects.com/player/201/david-petrasek"
"209";"https://www.eliteprospects.com/player/209/henrik-malmstrom"
"761";"https://www.eliteprospects.com/player/761/peter-jakobsson"
"204";"https://www.eliteprospects.com/player/204/mika-hannula"
"202";"https://www.eliteprospects.com/player/202/roger-ohman"
"198";"https://www.eliteprospects.com/player/198/joakim-lundberg"
"196";"https://www.eliteprospects.com/player/196/christian-due-boje"
"197";"https://www.eliteprospects.com/player/197/peter-hasselblad"
"1191";"https://www.eliteprospects.com/player/1191/martin-persson"
"4298";"https://www.eliteprospects.com/player/4298/john-nyh"
"884";"https://www.eliteprospects.com/player/884/andreas-svensson"
"1327";"https://www.eliteprospects.com/player/1327/mikael-tomasson"
"1134";"https://www.eliteprospects.com/player/1134/alexander-sundberg"
"1065";"https://www.eliteprospects.com/player/1065/jonnie-karlsson"
"803";"https://www.eliteprospects.com/player/803/joakim-nilsson"
"193";"https://www.eliteprospects.com/player/193/ola-nilsson"
"192";"https://www.eliteprospects.com/player/192/andreas-hadelov"
"194";"https://www.eliteprospects.com/player/194/niklas-holm"
"734";"https://www.eliteprospects.com/player/734/mikael-renberg"
"1854";"https://www.eliteprospects.com/player/1854/martin-hostak"
"184";"https://www.eliteprospects.com/player/184/hans-huczkowski"
"181";"https://www.eliteprospects.com/player/181/anders-burstrom"
"183";"https://www.eliteprospects.com/player/183/jonathan-hedstrom"
"174";"https://www.eliteprospects.com/player/174/petter-nilsson"
"188";"https://www.eliteprospects.com/player/188/sami-mettovaara"
"179";"https://www.eliteprospects.com/player/179/thomas-berglund"
"178";"https://www.eliteprospects.com/player/178/roger-akerstrom"
"1855";"https://www.eliteprospects.com/player/1855/jiri-kucera"
"176";"https://www.eliteprospects.com/player/176/osmo-soutukorva"
"177";"https://www.eliteprospects.com/player/177/fredrik-svensson"
"171";"https://www.eliteprospects.com/player/171/vaclav-burda"
"337";"https://www.eliteprospects.com/player/337/magnus-eriksson"
"185";"https://www.eliteprospects.com/player/185/jari-kauppila"
"1856";"https://www.eliteprospects.com/player/1856/mikael-lofgren"
"191";"https://www.eliteprospects.com/player/191/patrik-tano"
"986";"https://www.eliteprospects.com/player/986/torbjorn-lindberg"
"186";"https://www.eliteprospects.com/player/186/per-ledin"
"512";"https://www.eliteprospects.com/player/512/emil-lundberg"
"1857";"https://www.eliteprospects.com/player/1857/lars-modig"
"187";"https://www.eliteprospects.com/player/187/andreas-lindstrom"
"1093";"https://www.eliteprospects.com/player/1093/daniel-lundholm"
"1179";"https://www.eliteprospects.com/player/1179/olli-julkunen"
"182";"https://www.eliteprospects.com/player/182/karl-fabricius"
"168";"https://www.eliteprospects.com/player/168/daniel-henriksson"
"1858";"https://www.eliteprospects.com/player/1858/jarmo-myllys"
"170";"https://www.eliteprospects.com/player/170/erik-nilsson"
"589";"https://www.eliteprospects.com/player/589/bjorn-bjurling"
"119035";"https://www.eliteprospects.com/player/119035/lars-johansson"
"160";"https://www.eliteprospects.com/player/160/stefan-gustafsson"
"349";"https://www.eliteprospects.com/player/349/stefan-hellkvist"
"51";"https://www.eliteprospects.com/player/51/bjorn-danielsson"
"26";"https://www.eliteprospects.com/player/26/anders-gozzi"
"22";"https://www.eliteprospects.com/player/22/niklas-anger"
"255";"https://www.eliteprospects.com/player/255/erik-norback"
"19";"https://www.eliteprospects.com/player/19/mathias-svedberg"
"12";"https://www.eliteprospects.com/player/12/thomas-johansson"
"703";"https://www.eliteprospects.com/player/703/erik-andersson"
"1148";"https://www.eliteprospects.com/player/1148/fredrik-krekula"
"9";"https://www.eliteprospects.com/player/9/david-bornhammar"
"16";"https://www.eliteprospects.com/player/16/per-anton-lundstrom"
"10";"https://www.eliteprospects.com/player/10/rikard-ekstrom"
"175";"https://www.eliteprospects.com/player/175/jan-sandstrom"
"12229";"https://www.eliteprospects.com/player/12229/ray-giroux"
"17";"https://www.eliteprospects.com/player/17/andre-mattsson"
"35";"https://www.eliteprospects.com/player/35/andreas-pettersson"
"27";"https://www.eliteprospects.com/player/27/yared-hagos"
"28";"https://www.eliteprospects.com/player/28/fredrik-hynning"
"808";"https://www.eliteprospects.com/player/808/fredrik-ericson"
"3234";"https://www.eliteprospects.com/player/3234/marko-kauppinen"
"31";"https://www.eliteprospects.com/player/31/peter-kumpulainen"
"1598";"https://www.eliteprospects.com/player/1598/tim-thomas"
"17891";"https://www.eliteprospects.com/player/17891/ronnie-rueger"
"6";"https://www.eliteprospects.com/player/6/kjell-bennemark"
"2781";"https://www.eliteprospects.com/player/2781/fredrik-josefson"
"691";"https://www.eliteprospects.com/player/691/kristian-huselius"
"292";"https://www.eliteprospects.com/player/292/magnus-johansson"
"300";"https://www.eliteprospects.com/player/300/juha-ikonen"
"306";"https://www.eliteprospects.com/player/306/pelle-prestberg"
"303";"https://www.eliteprospects.com/player/303/magnus-kahnberg"
"1012";"https://www.eliteprospects.com/player/1012/henrik-nilsson"
"293";"https://www.eliteprospects.com/player/293/timmy-pettersson"
"290";"https://www.eliteprospects.com/player/290/christian-backman"
"294";"https://www.eliteprospects.com/player/294/nicklas-rahm"
"308";"https://www.eliteprospects.com/player/308/jari-tolsa"
"473";"https://www.eliteprospects.com/player/473/fredrik-sjostrom"
"1689";"https://www.eliteprospects.com/player/1689/teemu-sillanpaa"
"304";"https://www.eliteprospects.com/player/304/jens-karlsson"
"151";"https://www.eliteprospects.com/player/151/david-ytfeldt"
"305";"https://www.eliteprospects.com/player/305/joel-lundqvist"
"1691";"https://www.eliteprospects.com/player/1691/pat-jablonski"
"286";"https://www.eliteprospects.com/player/286/henrik-lundqvist"
"285";"https://www.eliteprospects.com/player/285/henrik-zetterberg"
"274";"https://www.eliteprospects.com/player/274/robert-carlsson"
"276";"https://www.eliteprospects.com/player/276/linus-fagemo"
"280";"https://www.eliteprospects.com/player/280/markus-matthiasson"
"282";"https://www.eliteprospects.com/player/282/timo-peltomaa"
"912";"https://www.eliteprospects.com/player/912/markus-sjoberg"
"275";"https://www.eliteprospects.com/player/275/henrik-eriksson"
"277";"https://www.eliteprospects.com/player/277/per-hallin"
"1932";"https://www.eliteprospects.com/player/1932/pasi-petrilainen"
"284";"https://www.eliteprospects.com/player/284/christian-soderstrom"
"269";"https://www.eliteprospects.com/player/269/marcus-karlsson"
"1933";"https://www.eliteprospects.com/player/1933/nik-zupancic"
"272";"https://www.eliteprospects.com/player/272/par-styf"
"801";"https://www.eliteprospects.com/player/801/magnus-salmi"
"1158";"https://www.eliteprospects.com/player/1158/thomas-nansen"
"1476";"https://www.eliteprospects.com/player/1476/mikael-lindholm"
"1509";"https://www.eliteprospects.com/player/1509/anders-huss"
"1934";"https://www.eliteprospects.com/player/1934/robert-schnabel"
"270";"https://www.eliteprospects.com/player/270/tomi-kallarsson"
"264";"https://www.eliteprospects.com/player/264/fredrik-andersson"
"115";"https://www.eliteprospects.com/player/115/boo-ahl"
"5101";"https://www.eliteprospects.com/player/5101/magnus-loof"
"768";"https://www.eliteprospects.com/player/768/fredrik-oberg"
"117";"https://www.eliteprospects.com/player/117/per-gustafsson"
"138";"https://www.eliteprospects.com/player/138/mattias-remstam"
"125";"https://www.eliteprospects.com/player/125/oleg-belov"
"1810";"https://www.eliteprospects.com/player/1810/david-nemirovsky"
"131";"https://www.eliteprospects.com/player/131/johan-hult"
"1811";"https://www.eliteprospects.com/player/1811/fredrik-stillman"
"137";"https://www.eliteprospects.com/player/137/rastislav-pavlikovsky"
"1812";"https://www.eliteprospects.com/player/1812/stefan-ornskog"
"128";"https://www.eliteprospects.com/player/128/peter-ekelund"
"124";"https://www.eliteprospects.com/player/124/ola-thorwalls"
"140";"https://www.eliteprospects.com/player/140/per-age-skroder"
"723";"https://www.eliteprospects.com/player/723/johan-lindbom"
"1130";"https://www.eliteprospects.com/player/1130/magnus-axelsson"
"336";"https://www.eliteprospects.com/player/336/jonas-elofsson"
"121";"https://www.eliteprospects.com/player/121/daniel-ljungkvist"
"135";"https://www.eliteprospects.com/player/135/bjorn-melin"
"119";"https://www.eliteprospects.com/player/119/daniel-josefsson"
"166";"https://www.eliteprospects.com/player/166/anders-lonn"
"1139";"https://www.eliteprospects.com/player/1139/matthias-nilimaa"
"273";"https://www.eliteprospects.com/player/273/viktor-wallin"
"1131";"https://www.eliteprospects.com/player/1131/martin-axelsson"
"130";"https://www.eliteprospects.com/player/130/jeff-gustafsson"
"949";"https://www.eliteprospects.com/player/949/patrik-strom"
"795";"https://www.eliteprospects.com/player/795/michael-irani"
"825";"https://www.eliteprospects.com/player/825/par-arlbrandt"
"118";"https://www.eliteprospects.com/player/118/johan-halvardsson"
"116";"https://www.eliteprospects.com/player/116/stefan-liv"
"335";"https://www.eliteprospects.com/player/335/jonas-fransson"
"4815";"https://www.eliteprospects.com/player/4815/fredrik-elvebakk"
"513";"https://www.eliteprospects.com/player/513/robert-burakovsky"
"1662";"https://www.eliteprospects.com/player/1662/tore-vikingstad"
"353";"https://www.eliteprospects.com/player/353/henrik-nordfeldt"
"1145";"https://www.eliteprospects.com/player/1145/pal-johnsen"
"257";"https://www.eliteprospects.com/player/257/gabriel-karlsson"
"481";"https://www.eliteprospects.com/player/481/jan-huokko"
"355";"https://www.eliteprospects.com/player/355/daniel-widing"
"903";"https://www.eliteprospects.com/player/903/torgny-lowgren"
"348";"https://www.eliteprospects.com/player/348/torbjorn-johansson"
"356";"https://www.eliteprospects.com/player/356/niklas-persson"
"324";"https://www.eliteprospects.com/player/324/martin-jansson"
"354";"https://www.eliteprospects.com/player/354/jonas-nordqvist"
"339";"https://www.eliteprospects.com/player/339/lars-jonsson"
"1492";"https://www.eliteprospects.com/player/1492/anders-carlsson"
"347";"https://www.eliteprospects.com/player/347/daniel-hermansson"
"902";"https://www.eliteprospects.com/player/902/johan-soderstrom"
"1838";"https://www.eliteprospects.com/player/1838/viktors-ignatjevs"
"1253";"https://www.eliteprospects.com/player/1253/daniel-larsson"
"850";"https://www.eliteprospects.com/player/850/mikael-zettergren"
"851";"https://www.eliteprospects.com/player/851/jan-ohman"
"345";"https://www.eliteprospects.com/player/345/johan-eneqvist"
"341";"https://www.eliteprospects.com/player/341/jorgen-sundqvist"
"706";"https://www.eliteprospects.com/player/706/stefan-bergqvist"
"65";"https://www.eliteprospects.com/player/65/sergejs-naumovs"
"1839";"https://www.eliteprospects.com/player/1839/reinhard-divis"
"500";"https://www.eliteprospects.com/player/500/daniel-sperrle"
"1257";"https://www.eliteprospects.com/player/1257/henrik-smangs"
"334";"https://www.eliteprospects.com/player/334/jimmy-danielsson"
"852";"https://www.eliteprospects.com/player/852/aleksandrs-semjonovs"
"63";"https://www.eliteprospects.com/player/63/daniel-wagstrom"
"302";"https://www.eliteprospects.com/player/302/marian-kacir"
"587";"https://www.eliteprospects.com/player/587/goran-hermansson"
"967";"https://www.eliteprospects.com/player/967/lars-briell"
"966";"https://www.eliteprospects.com/player/966/tommi-hamalainen"
"1102";"https://www.eliteprospects.com/player/1102/fredrik-nasvall"
"961";"https://www.eliteprospects.com/player/961/par-holmqvist"
"1273";"https://www.eliteprospects.com/player/1273/mathias-bosson"
"963";"https://www.eliteprospects.com/player/963/jesper-jager"
"572";"https://www.eliteprospects.com/player/572/igor-matushkin"
"1424";"https://www.eliteprospects.com/player/1424/fredrik-bergqvist"
"806";"https://www.eliteprospects.com/player/806/robert-ljunggren"
"2127";"https://www.eliteprospects.com/player/2127/niko-halttunen"
"1141";"https://www.eliteprospects.com/player/1141/johan-ramstedt"
"2126";"https://www.eliteprospects.com/player/2126/john-vecchiarelli"
"5048";"https://www.eliteprospects.com/player/5048/niklas-pettersson"
"91317";"https://www.eliteprospects.com/player/91317/alexander-boden"
"976";"https://www.eliteprospects.com/player/976/petter-sandstrom"
"288";"https://www.eliteprospects.com/player/288/petter-ronnqvist"
"8";"https://www.eliteprospects.com/player/8/mike-valley"
"120925";"https://www.eliteprospects.com/player/120925/tobias-viklund"
"333155";"https://www.eliteprospects.com/player/333155/alexander-westin"
"109";"https://www.eliteprospects.com/player/109/dieter-kalt"
"98";"https://www.eliteprospects.com/player/98/erik-kakko"
"102";"https://www.eliteprospects.com/player/102/par-backer"
"111";"https://www.eliteprospects.com/player/111/fredrik-sundin"
"92";"https://www.eliteprospects.com/player/92/martin-gerber"
"580";"https://www.eliteprospects.com/player/580/richard-lintner"
"227";"https://www.eliteprospects.com/player/227/miroslav-hlinka"
"219";"https://www.eliteprospects.com/player/219/magnus-hedlund"
"223";"https://www.eliteprospects.com/player/223/greg-johnston"
"521";"https://www.eliteprospects.com/player/521/mattias-wennerberg"
"523";"https://www.eliteprospects.com/player/523/john-lind"
"524";"https://www.eliteprospects.com/player/524/jonas-almtorp"
"80";"https://www.eliteprospects.com/player/80/mikael-hakanson"
"75";"https://www.eliteprospects.com/player/75/nils-ekman"
"86";"https://www.eliteprospects.com/player/86/jan-pardavy"
"84";"https://www.eliteprospects.com/player/84/david-longstaff"
"71";"https://www.eliteprospects.com/player/71/bjorn-nord"
"78";"https://www.eliteprospects.com/player/78/johan-forsander"
"90";"https://www.eliteprospects.com/player/90/matthias-trattnig"
"73";"https://www.eliteprospects.com/player/73/leif-rohlin"
"81";"https://www.eliteprospects.com/player/81/andrejs-ignatovics"
"87";"https://www.eliteprospects.com/player/87/jorgen-rickmo"
"919";"https://www.eliteprospects.com/player/919/christian-eklund"
"488";"https://www.eliteprospects.com/player/488/peter-lindelof"
"74";"https://www.eliteprospects.com/player/74/niklas-eckerblom"
"66";"https://www.eliteprospects.com/player/66/thomas-ostlund"
"64";"https://www.eliteprospects.com/player/64/jiro-nihei"
"127";"https://www.eliteprospects.com/player/127/johan-davidsson"
"139";"https://www.eliteprospects.com/player/139/kalle-sahlstedt"
"132";"https://www.eliteprospects.com/player/132/anders-huusko"
"122";"https://www.eliteprospects.com/player/122/jouni-loponen"
"123";"https://www.eliteprospects.com/player/123/richard-pavlikovsky"
"491";"https://www.eliteprospects.com/player/491/stanislav-jasecko"
"648";"https://www.eliteprospects.com/player/648/alexander-hult"
"495";"https://www.eliteprospects.com/player/495/fredrik-jonsson"
"494";"https://www.eliteprospects.com/player/494/tommy-karlsson"
"497";"https://www.eliteprospects.com/player/497/henric-gustavsson"
"493";"https://www.eliteprospects.com/player/493/ola-svanberg"
"496";"https://www.eliteprospects.com/player/496/lars-ekelund"
"134";"https://www.eliteprospects.com/player/134/sebastian-meijer"
"133";"https://www.eliteprospects.com/player/133/jonas-johansson"
"41261";"https://www.eliteprospects.com/player/41261/bjorge-josefsen"
"841";"https://www.eliteprospects.com/player/841/andreas-andersson"
"4155";"https://www.eliteprospects.com/player/4155/par-akerstrom"
"295";"https://www.eliteprospects.com/player/295/pasi-sormunen"
"576";"https://www.eliteprospects.com/player/576/mattias-luukkonen"
"460";"https://www.eliteprospects.com/player/460/alexander-steen"
"291";"https://www.eliteprospects.com/player/291/per-helmersson"
"540";"https://www.eliteprospects.com/player/540/johan-jonfeldt"
"195";"https://www.eliteprospects.com/player/195/peter-andersson"
"199";"https://www.eliteprospects.com/player/199/johan-norgren"
"515";"https://www.eliteprospects.com/player/515/joakim-musakka"
"210";"https://www.eliteprospects.com/player/210/frans-nielsen"
"514";"https://www.eliteprospects.com/player/514/andreas-valdix"
"189";"https://www.eliteprospects.com/player/189/stefan-nilsson"
"1951";"https://www.eliteprospects.com/player/1951/shayne-toporowski"
"190";"https://www.eliteprospects.com/player/190/toivo-suursoo"
"180";"https://www.eliteprospects.com/player/180/arnaud-briand"
"511";"https://www.eliteprospects.com/player/511/patrik-baarnhielm"
"173";"https://www.eliteprospects.com/player/173/jonas-johansson"
"1952";"https://www.eliteprospects.com/player/1952/zdenek-smid"
"61";"https://www.eliteprospects.com/player/61/jonas-soling"
"45";"https://www.eliteprospects.com/player/45/jussi-pekkala"
"464";"https://www.eliteprospects.com/player/464/mike-harder"
"41";"https://www.eliteprospects.com/player/41/adam-masuhr"
"47";"https://www.eliteprospects.com/player/47/henrik-rehnberg"
"484";"https://www.eliteprospects.com/player/484/jens-ostling"
"62";"https://www.eliteprospects.com/player/62/jeff-williams"
"482";"https://www.eliteprospects.com/player/482/fredrik-apel"
"483";"https://www.eliteprospects.com/player/483/simon-ostlund"
"259";"https://www.eliteprospects.com/player/259/juha-lind"
"250";"https://www.eliteprospects.com/player/250/peter-popovic"
"242";"https://www.eliteprospects.com/player/242/peter-ahola"
"262";"https://www.eliteprospects.com/player/262/jukka-tiilikainen"
"244";"https://www.eliteprospects.com/player/244/stefan-bemstrom"
"246";"https://www.eliteprospects.com/player/246/jesper-bjork"
"253";"https://www.eliteprospects.com/player/253/robert-carlsson"
"251";"https://www.eliteprospects.com/player/251/kim-cannerheim"
"263";"https://www.eliteprospects.com/player/263/lars-goran-wiklander"
"261";"https://www.eliteprospects.com/player/261/david-svee"
"248";"https://www.eliteprospects.com/player/248/andreas-lindh"
"252";"https://www.eliteprospects.com/player/252/mattias-carlsson"
"249";"https://www.eliteprospects.com/player/249/ola-mollerstedt"
"1953";"https://www.eliteprospects.com/player/1953/grigorijs-pantelejevs"
"260";"https://www.eliteprospects.com/player/260/mattias-palsson"
"549";"https://www.eliteprospects.com/player/549/dragan-umicevic"
"243";"https://www.eliteprospects.com/player/243/anders-back"
"676";"https://www.eliteprospects.com/player/676/joakim-eklov"
"527";"https://www.eliteprospects.com/player/527/bobbie-hagelin"
"550";"https://www.eliteprospects.com/player/550/marcus-forsberg"
"552";"https://www.eliteprospects.com/player/552/stefan-grahns"
"551";"https://www.eliteprospects.com/player/551/bjorn-engstrom"
"245";"https://www.eliteprospects.com/player/245/mats-christeen"
"241";"https://www.eliteprospects.com/player/241/rolf-wanhainen"
"41360";"https://www.eliteprospects.com/player/41360/christoffer-bohman"
"156";"https://www.eliteprospects.com/player/156/per-eklund"
"163";"https://www.eliteprospects.com/player/163/fredrik-johansson"
"155";"https://www.eliteprospects.com/player/155/brandon-convery"
"167";"https://www.eliteprospects.com/player/167/stefan-pettersson"
"149";"https://www.eliteprospects.com/player/149/barry-richter"
"162";"https://www.eliteprospects.com/player/162/mike-helber"
"144";"https://www.eliteprospects.com/player/144/peter-casparsson"
"159";"https://www.eliteprospects.com/player/159/mikael-von-der-geest"
"164";"https://www.eliteprospects.com/player/164/ragnar-karlsson"
"165";"https://www.eliteprospects.com/player/165/andreas-kreu"
"145";"https://www.eliteprospects.com/player/145/bjarne-hurtig"
"146";"https://www.eliteprospects.com/player/146/martin-knold"
"143";"https://www.eliteprospects.com/player/143/mathias-ahxner"
"158";"https://www.eliteprospects.com/player/158/johan-franzen"
"150";"https://www.eliteprospects.com/player/150/erkki-saramaa"
"147";"https://www.eliteprospects.com/player/147/joakim-nordstrand"
"157";"https://www.eliteprospects.com/player/157/fredrik-emvall"
"152";"https://www.eliteprospects.com/player/152/henrik-andersson"
"161";"https://www.eliteprospects.com/player/161/magnus-gastrin"
"148";"https://www.eliteprospects.com/player/148/christoffer-norgren"
"154";"https://www.eliteprospects.com/player/154/johan-bulow"
"141";"https://www.eliteprospects.com/player/141/fredrik-jensen"
"958";"https://www.eliteprospects.com/player/958/ulf-trogen"
"1622";"https://www.eliteprospects.com/player/1622/filip-turek"
"36";"https://www.eliteprospects.com/player/36/toni-sihvonen"
"1623";"https://www.eliteprospects.com/player/1623/philippe-audet"
"33";"https://www.eliteprospects.com/player/33/jyrki-louhi"
"25";"https://www.eliteprospects.com/player/25/david-engblom"
"18";"https://www.eliteprospects.com/player/18/david-printz"
"24";"https://www.eliteprospects.com/player/24/paul-brousseau"
"14";"https://www.eliteprospects.com/player/14/martin-lindeberg"
"21";"https://www.eliteprospects.com/player/21/per-andersson"
"23";"https://www.eliteprospects.com/player/23/mattias-beck"
"13";"https://www.eliteprospects.com/player/13/ismo-kuoppala"
"34";"https://www.eliteprospects.com/player/34/andreas-nyberg"
"11";"https://www.eliteprospects.com/player/11/santeri-heiskanen"
"20";"https://www.eliteprospects.com/player/20/boris-zabka"
"7";"https://www.eliteprospects.com/player/7/niklas-backstrom"
"281";"https://www.eliteprospects.com/player/281/niklas-nordgren"
"268";"https://www.eliteprospects.com/player/268/robert-jindrich"
"271";"https://www.eliteprospects.com/player/271/tommi-rajamaki"
"568";"https://www.eliteprospects.com/player/568/ed-ward"
"569";"https://www.eliteprospects.com/player/569/hakan-ahlund"
"283";"https://www.eliteprospects.com/player/283/mikael-simons"
"278";"https://www.eliteprospects.com/player/278/juha-hautamaa"
"267";"https://www.eliteprospects.com/player/267/david-halvardsson"
"571";"https://www.eliteprospects.com/player/571/andreas-lundin"
"681";"https://www.eliteprospects.com/player/681/sebastian-lauritzen"
"573";"https://www.eliteprospects.com/player/573/daniel-sandgren"
"558";"https://www.eliteprospects.com/player/558/niklas-zetterstrom"
"570";"https://www.eliteprospects.com/player/570/niclas-hedberg"
"574";"https://www.eliteprospects.com/player/574/mats-hansson"
"575";"https://www.eliteprospects.com/player/575/erik-tagtstrom"
"265";"https://www.eliteprospects.com/player/265/philippe-derouville"
"567";"https://www.eliteprospects.com/player/567/kimmo-kapanen"
"2470";"https://www.eliteprospects.com/player/2470/mattias-ohrling"
"41968";"https://www.eliteprospects.com/player/41968/linus-thelander"
"1311";"https://www.eliteprospects.com/player/1311/mathias-fagerstrom"
"2092";"https://www.eliteprospects.com/player/2092/tomi-kallio"
"1963";"https://www.eliteprospects.com/player/1963/kimmo-eronen"
"562";"https://www.eliteprospects.com/player/562/jonas-leetma"
"682";"https://www.eliteprospects.com/player/682/lennon-eriksson"
"526";"https://www.eliteprospects.com/player/526/fredrik-johansson"
"578";"https://www.eliteprospects.com/player/578/mikael-svensk"
"559";"https://www.eliteprospects.com/player/559/fredrik-norrena"
"2093";"https://www.eliteprospects.com/player/2093/hannes-hyvonen"
"2015";"https://www.eliteprospects.com/player/2015/andre-faust"
"2085";"https://www.eliteprospects.com/player/2085/jani-virtanen"
"359";"https://www.eliteprospects.com/player/359/calle-steen"
"1954";"https://www.eliteprospects.com/player/1954/sinuhe-wallinheimo"
"591";"https://www.eliteprospects.com/player/591/valeri-krykov"
"556";"https://www.eliteprospects.com/player/556/toni-koivunen"
"763";"https://www.eliteprospects.com/player/763/martin-lindman"
"555";"https://www.eliteprospects.com/player/555/kalle-koskinen"
"725";"https://www.eliteprospects.com/player/725/sanny-lindstrom"
"2006";"https://www.eliteprospects.com/player/2006/juha-joenvaara"
"543";"https://www.eliteprospects.com/player/543/staffan-kronwall"
"2005";"https://www.eliteprospects.com/player/2005/daniel-rafner"
"563";"https://www.eliteprospects.com/player/563/nordin-el-harfaoui"
"588";"https://www.eliteprospects.com/player/588/joaquin-gage"
"1700";"https://www.eliteprospects.com/player/1700/richard-ostlund"
"510";"https://www.eliteprospects.com/player/510/jonas-ronnqvist"
"504";"https://www.eliteprospects.com/player/504/kamil-brabenec"
"508";"https://www.eliteprospects.com/player/508/magnus-nilsson"
"509";"https://www.eliteprospects.com/player/509/jonas-hagerback"
"978";"https://www.eliteprospects.com/player/978/johan-tellstrom"
"506";"https://www.eliteprospects.com/player/506/pavel-skrbek"
"2083";"https://www.eliteprospects.com/player/2083/liam-garvey"
"1702";"https://www.eliteprospects.com/player/1702/per-savilahti-nagander"
"1308";"https://www.eliteprospects.com/player/1308/christoffer-brannstrom"
"1077";"https://www.eliteprospects.com/player/1077/bjorn-lavander"
"507";"https://www.eliteprospects.com/player/507/johan-fransson"
"984";"https://www.eliteprospects.com/player/984/par-rova"
"661";"https://www.eliteprospects.com/player/661/pierre-berggren"
"505";"https://www.eliteprospects.com/player/505/gusten-tornqvist"
"2353";"https://www.eliteprospects.com/player/2353/kristian-larsson"
"498";"https://www.eliteprospects.com/player/498/pasi-maattanen"
"499";"https://www.eliteprospects.com/player/499/jani-hassinen"
"492";"https://www.eliteprospects.com/player/492/mika-niskanen"
"2061";"https://www.eliteprospects.com/player/2061/lubomir-korhon"
"2018";"https://www.eliteprospects.com/player/2018/david-fredriksson"
"2058";"https://www.eliteprospects.com/player/2058/martin-thornberg"
"824";"https://www.eliteprospects.com/player/824/jesper-damgaard"
"1317";"https://www.eliteprospects.com/player/1317/dusan-milo"
"525";"https://www.eliteprospects.com/player/525/mika-lehtinen"
"590";"https://www.eliteprospects.com/player/590/morten-green"
"594";"https://www.eliteprospects.com/player/594/tobias-enstrom"
"1329";"https://www.eliteprospects.com/player/1329/martin-wilde"
"1201";"https://www.eliteprospects.com/player/1201/henrik-gradin"
"1200";"https://www.eliteprospects.com/player/1200/jens-ohman"
"1483";"https://www.eliteprospects.com/player/1483/juuso-riksman"
"352";"https://www.eliteprospects.com/player/352/robert-nilsson"
"566";"https://www.eliteprospects.com/player/566/hans-lodin"
"1710";"https://www.eliteprospects.com/player/1710/mike-stapleton"
"766";"https://www.eliteprospects.com/player/766/johan-rosen"
"565";"https://www.eliteprospects.com/player/565/tobias-holm"
"338";"https://www.eliteprospects.com/player/338/niklas-gallstedt"
"2062";"https://www.eliteprospects.com/player/2062/kasper-kenig"
"2028";"https://www.eliteprospects.com/player/2028/ryan-foster"
"583";"https://www.eliteprospects.com/player/583/sean-gauthier"
"553";"https://www.eliteprospects.com/player/553/antti-tormanen"
"554";"https://www.eliteprospects.com/player/554/patrik-zetterberg"
"2095";"https://www.eliteprospects.com/player/2095/tony-virta"
"675";"https://www.eliteprospects.com/player/675/viktor-soderberg"
"678";"https://www.eliteprospects.com/player/678/rikard-ryden"
"1053";"https://www.eliteprospects.com/player/1053/urban-omark"
"2010";"https://www.eliteprospects.com/player/2010/christian-backlinder"
"679";"https://www.eliteprospects.com/player/679/henrik-bergfors"
"596";"https://www.eliteprospects.com/player/596/alexander-blomqvist"
"520";"https://www.eliteprospects.com/player/520/janos-vas"
"518";"https://www.eliteprospects.com/player/518/johan-bjork"
"517";"https://www.eliteprospects.com/player/517/robert-borgqvist"
"2367";"https://www.eliteprospects.com/player/2367/cristopher-nihlstorp"
"485";"https://www.eliteprospects.com/player/485/tommi-miettinen"
"1278";"https://www.eliteprospects.com/player/1278/peter-nylander"
"577";"https://www.eliteprospects.com/player/577/veli-pekka-laitinen"
"610";"https://www.eliteprospects.com/player/610/nicklas-danielsson"
"613";"https://www.eliteprospects.com/player/613/fredrik-boqvist"
"2259";"https://www.eliteprospects.com/player/2259/mattias-larsson"
"618";"https://www.eliteprospects.com/player/618/mattias-karlsson"
"615";"https://www.eliteprospects.com/player/615/stefan-svanbom"
"2086";"https://www.eliteprospects.com/player/2086/olof-mattson"
"611";"https://www.eliteprospects.com/player/611/patrik-ronnqvist"
"612";"https://www.eliteprospects.com/player/612/jim-engstrom"
"564";"https://www.eliteprospects.com/player/564/jamie-ram"
"544";"https://www.eliteprospects.com/player/544/joakim-lundstrom"
"2009";"https://www.eliteprospects.com/player/2009/brian-felsner"
"463";"https://www.eliteprospects.com/player/463/andreas-holmqvist"
"462";"https://www.eliteprospects.com/player/462/tim-eriksson"
"2024";"https://www.eliteprospects.com/player/2024/andrei-vasilyev"
"501";"https://www.eliteprospects.com/player/501/jan-mertzig"
"502";"https://www.eliteprospects.com/player/502/johan-lindstrom"
"869";"https://www.eliteprospects.com/player/869/roger-jonsson"
"2031";"https://www.eliteprospects.com/player/2031/andreas-sundin"
"2094";"https://www.eliteprospects.com/player/2094/craig-woodcroft"
"938";"https://www.eliteprospects.com/player/938/robert-medin"
"2027";"https://www.eliteprospects.com/player/2027/joel-davis"
"730";"https://www.eliteprospects.com/player/730/fredrik-olausson"
"882";"https://www.eliteprospects.com/player/882/simon-skoog"
"2308";"https://www.eliteprospects.com/player/2308/alexander-larsson"
"849";"https://www.eliteprospects.com/player/849/mikhail-zhukov"
"2032";"https://www.eliteprospects.com/player/2032/magnus-akerlund"
"2562";"https://www.eliteprospects.com/player/2562/janne-gronvall"
"774";"https://www.eliteprospects.com/player/774/emil-kaberg"
"783";"https://www.eliteprospects.com/player/783/micael-bjorkbacka"
"4480";"https://www.eliteprospects.com/player/4480/marcus-mellbin"
"2569";"https://www.eliteprospects.com/player/2569/antti-jussi-niemi"
"683";"https://www.eliteprospects.com/player/683/loui-eriksson"
"685";"https://www.eliteprospects.com/player/685/kalle-olsson"
"686";"https://www.eliteprospects.com/player/686/linus-persson"
"2029";"https://www.eliteprospects.com/player/2029/daniel-ahsberg"
"687";"https://www.eliteprospects.com/player/687/alexander-tang"
"537";"https://www.eliteprospects.com/player/537/jonas-jakobsen"
"1899";"https://www.eliteprospects.com/player/1899/mikko-peltola"
"2522";"https://www.eliteprospects.com/player/2522/jussi-tarvainen"
"2570";"https://www.eliteprospects.com/player/2570/pekka-tirkkonen"
"2564";"https://www.eliteprospects.com/player/2564/jyrki-valivaara"
"3510";"https://www.eliteprospects.com/player/3510/per-thunberg"
"3505";"https://www.eliteprospects.com/player/3505/peter-klitsie"
"2508";"https://www.eliteprospects.com/player/2508/albin-lorentzon"
"641";"https://www.eliteprospects.com/player/641/tomas-kollar"
"67";"https://www.eliteprospects.com/player/67/daniel-fernholm"
"1015";"https://www.eliteprospects.com/player/1015/johnny-oduya"
"1488";"https://www.eliteprospects.com/player/1488/robert-nordmark"
"2521";"https://www.eliteprospects.com/player/2521/mika-stromberg"
"721";"https://www.eliteprospects.com/player/721/espen-knutsen"
"1269";"https://www.eliteprospects.com/player/1269/johannes-salmonsson"
"1023";"https://www.eliteprospects.com/player/1023/linus-stensson"
"980";"https://www.eliteprospects.com/player/980/robert-nordberg"
"1234";"https://www.eliteprospects.com/player/1234/joachim-gellerstedt"
"1297";"https://www.eliteprospects.com/player/1297/oscar-sundh"
"667";"https://www.eliteprospects.com/player/667/mikael-oberg"
"3419";"https://www.eliteprospects.com/player/3419/patrick-thoresen"
"3459";"https://www.eliteprospects.com/player/3459/christopher-thorn"
"3413";"https://www.eliteprospects.com/player/3413/ryan-savoia"
"3551";"https://www.eliteprospects.com/player/3551/jan-nemecek"
"3722";"https://www.eliteprospects.com/player/3722/kent-manderville"
"2565";"https://www.eliteprospects.com/player/2565/lee-jinman"
"2481";"https://www.eliteprospects.com/player/2481/emil-lundqvist"
"2472";"https://www.eliteprospects.com/player/2472/espen-olsen-lie"
"2476";"https://www.eliteprospects.com/player/2476/alexander-hakansson"
"2477";"https://www.eliteprospects.com/player/2477/richard-johansson"
"2479";"https://www.eliteprospects.com/player/2479/peter-sundqvist"
"2017";"https://www.eliteprospects.com/player/2017/adrian-ahrling"
"1164";"https://www.eliteprospects.com/player/1164/mikael-romo"
"2084";"https://www.eliteprospects.com/player/2084/johan-jonsson"
"3738";"https://www.eliteprospects.com/player/3738/corey-hirsch"
"2561";"https://www.eliteprospects.com/player/2561/tuukka-mantyla"
"3903";"https://www.eliteprospects.com/player/3903/richard-kapus"
"2348";"https://www.eliteprospects.com/player/2348/johan-karlsson"
"3904";"https://www.eliteprospects.com/player/3904/vesa-junkkonen"
"1300";"https://www.eliteprospects.com/player/1300/viktor-lindgren"
"2352";"https://www.eliteprospects.com/player/2352/david-rautio"
"741";"https://www.eliteprospects.com/player/741/per-svartvadet"
"715";"https://www.eliteprospects.com/player/715/hans-jonsson"
"868";"https://www.eliteprospects.com/player/868/kari-haakana"
"1950";"https://www.eliteprospects.com/player/1950/oscar-hedman"
"1302";"https://www.eliteprospects.com/player/1302/mattias-hellstrom"
"1757";"https://www.eliteprospects.com/player/1757/kimmo-vesa"
"3720";"https://www.eliteprospects.com/player/3720/robert-dome"
"3674";"https://www.eliteprospects.com/player/3674/lubomir-sekeras"
"3224";"https://www.eliteprospects.com/player/3224/teemu-riihijarvi"
"779";"https://www.eliteprospects.com/player/779/peter-messa"
"735";"https://www.eliteprospects.com/player/735/bert-robertsson"
"604";"https://www.eliteprospects.com/player/604/linus-videll"
"1346";"https://www.eliteprospects.com/player/1346/jonathan-ericsson"
"1343";"https://www.eliteprospects.com/player/1343/johan-berggren"
"2439";"https://www.eliteprospects.com/player/2439/nicklas-grossmann"
"2436";"https://www.eliteprospects.com/player/2436/stanislav-valach"
"3455";"https://www.eliteprospects.com/player/3455/pontus-sjogren"
"906";"https://www.eliteprospects.com/player/906/jakob-johansson"
"2617";"https://www.eliteprospects.com/player/2617/mikko-kuparinen"
"1287";"https://www.eliteprospects.com/player/1287/niklas-andersson"
"617";"https://www.eliteprospects.com/player/617/kristoffer-backstrom"
"3474";"https://www.eliteprospects.com/player/3474/carl-johan-eriksson"
"2623";"https://www.eliteprospects.com/player/2623/markus-korhonen"
"972";"https://www.eliteprospects.com/player/972/magnus-osterby"
"663";"https://www.eliteprospects.com/player/663/jimmie-svensson"
"665";"https://www.eliteprospects.com/player/665/carl-soderberg"
"2983";"https://www.eliteprospects.com/player/2983/lasse-degn"
"3613";"https://www.eliteprospects.com/player/3613/marcus-liikane"
"2358";"https://www.eliteprospects.com/player/2358/dan-lindahl"
"2451";"https://www.eliteprospects.com/player/2451/andre-selander"
"2360";"https://www.eliteprospects.com/player/2360/jens-olsson"
"2628";"https://www.eliteprospects.com/player/2628/joonas-jaaskelainen"
"4078";"https://www.eliteprospects.com/player/4078/riku-petteri-lehtonen"
"960";"https://www.eliteprospects.com/player/960/maurice-rozenthal"
"659";"https://www.eliteprospects.com/player/659/mikael-englund"
"876";"https://www.eliteprospects.com/player/876/jens-bergenstrom"
"593";"https://www.eliteprospects.com/player/593/christopher-lindholm"
"658";"https://www.eliteprospects.com/player/658/elias-granath"
"2523";"https://www.eliteprospects.com/player/2523/mike-bales"
"1154";"https://www.eliteprospects.com/player/1154/johan-backlund"
"2323";"https://www.eliteprospects.com/player/2323/marcus-lundell"
"4091";"https://www.eliteprospects.com/player/4091/martin-pluss"
"561";"https://www.eliteprospects.com/player/561/tom-koivisto"
"732";"https://www.eliteprospects.com/player/732/samuel-pahlsson"
"2672";"https://www.eliteprospects.com/player/2672/sami-salo"
"3194";"https://www.eliteprospects.com/player/3194/arto-tukio"
"689";"https://www.eliteprospects.com/player/689/bjorn-hallner"
"1271";"https://www.eliteprospects.com/player/1271/likit-andersson"
"1290";"https://www.eliteprospects.com/player/1290/richard-demen-willaume"
"794";"https://www.eliteprospects.com/player/794/martin-spangberg"
"4321";"https://www.eliteprospects.com/player/4321/brendan-morrison"
"4322";"https://www.eliteprospects.com/player/4322/mike-knuble"
"1955";"https://www.eliteprospects.com/player/1955/henrik-tallinder"
"838";"https://www.eliteprospects.com/player/838/johan-andersson"
"532";"https://www.eliteprospects.com/player/532/patric-blomdahl"
"2509";"https://www.eliteprospects.com/player/2509/rickard-nilsson"
"4124";"https://www.eliteprospects.com/player/4124/teemu-aalto"
"2667";"https://www.eliteprospects.com/player/2667/aki-petteri-berg"
"1169";"https://www.eliteprospects.com/player/1169/johan-svedberg"
"2480";"https://www.eliteprospects.com/player/2480/jonas-lindstrom"
"1606";"https://www.eliteprospects.com/player/1606/miikka-kiprusoff"
"3180";"https://www.eliteprospects.com/player/3180/antti-jokela"
"3928";"https://www.eliteprospects.com/player/3928/fabian-eriksson"
"4530";"https://www.eliteprospects.com/player/4530/zdeno-chara"
"4505";"https://www.eliteprospects.com/player/4505/sheldon-souray"
"3665";"https://www.eliteprospects.com/player/3665/marian-gaborik"
"4701";"https://www.eliteprospects.com/player/4701/mike-comrie"
"631";"https://www.eliteprospects.com/player/631/oscar-steen"
"5687";"https://www.eliteprospects.com/player/5687/mike-johnson"
"2431";"https://www.eliteprospects.com/player/2431/rickard-lidstrom"
"622";"https://www.eliteprospects.com/player/622/stefan-erkgards"
"728";"https://www.eliteprospects.com/player/728/marcus-nilson"
"1467";"https://www.eliteprospects.com/player/1467/mariusz-czerkawski"
"5369";"https://www.eliteprospects.com/player/5369/dan-boyle"
"1299";"https://www.eliteprospects.com/player/1299/christofer-lofberg"
"2485";"https://www.eliteprospects.com/player/2485/johannes-westring"
"5368";"https://www.eliteprospects.com/player/5368/marty-turco"
"5526";"https://www.eliteprospects.com/player/5526/jose-theodore"
"710";"https://www.eliteprospects.com/player/710/peter-forsberg"
"738";"https://www.eliteprospects.com/player/738/henrik-sedin"
"737";"https://www.eliteprospects.com/player/737/daniel-sedin"
"697";"https://www.eliteprospects.com/player/697/markus-naslund"
"743";"https://www.eliteprospects.com/player/743/mattias-timander"
"5530";"https://www.eliteprospects.com/player/5530/adrian-aucoin"
"4317";"https://www.eliteprospects.com/player/4317/bryan-muir"
"1919";"https://www.eliteprospects.com/player/1919/frantisek-kaberle"
"5534";"https://www.eliteprospects.com/player/5534/dan-hinote"
"1295";"https://www.eliteprospects.com/player/1295/tobias-viklund"
"699";"https://www.eliteprospects.com/player/699/tommy-salo"
"2389";"https://www.eliteprospects.com/player/2389/christopher-konigsson"
"2387";"https://www.eliteprospects.com/player/2387/robert-ohman"
"4506";"https://www.eliteprospects.com/player/4506/justin-williams"
"712";"https://www.eliteprospects.com/player/712/tomas-holmstrom"
"3736";"https://www.eliteprospects.com/player/3736/jaroslav-obsut"
"4125";"https://www.eliteprospects.com/player/4125/thomas-koch"
"745";"https://www.eliteprospects.com/player/745/niclas-wallin"
"5676";"https://www.eliteprospects.com/player/5676/branko-radivojevic"
"5677";"https://www.eliteprospects.com/player/5677/steve-staios"
"749";"https://www.eliteprospects.com/player/749/mattias-ohlund"
"2349";"https://www.eliteprospects.com/player/2349/johan-harju"
"2354";"https://www.eliteprospects.com/player/2354/tomas-wallgren"
"2193";"https://www.eliteprospects.com/player/2193/erik-lindberg"
"2690";"https://www.eliteprospects.com/player/2690/kristian-antila"
"5523";"https://www.eliteprospects.com/player/5523/manny-fernandez"
"2679";"https://www.eliteprospects.com/player/2679/olli-jokinen"
"736";"https://www.eliteprospects.com/player/736/mikael-samuelsson"
"5638";"https://www.eliteprospects.com/player/5638/scott-thornton"
"5671";"https://www.eliteprospects.com/player/5671/kyle-calder"
"4397";"https://www.eliteprospects.com/player/4397/chris-ferraro"
"704";"https://www.eliteprospects.com/player/704/jonas-andersson"
"4398";"https://www.eliteprospects.com/player/4398/peter-ferraro"
"2045";"https://www.eliteprospects.com/player/2045/niclas-bergfors"
"5532";"https://www.eliteprospects.com/player/5532/todd-white"
"4233";"https://www.eliteprospects.com/player/4233/anze-kopitar"
"4258";"https://www.eliteprospects.com/player/4258/rastislav-stana"
"4375";"https://www.eliteprospects.com/player/4375/shawn-horcoff"
"4376";"https://www.eliteprospects.com/player/4376/daniel-cleary"
"4720";"https://www.eliteprospects.com/player/4720/marian-hossa"
"4532";"https://www.eliteprospects.com/player/4532/marcel-hossa"
"320";"https://www.eliteprospects.com/player/320/marcus-eriksson"
"924";"https://www.eliteprospects.com/player/924/calle-bergstrom"
"318";"https://www.eliteprospects.com/player/318/hakan-bogg"
"328";"https://www.eliteprospects.com/player/328/magnus-sandberg"
"326";"https://www.eliteprospects.com/player/326/anders-nilsson"
"726";"https://www.eliteprospects.com/player/726/andreas-lilja"
"314";"https://www.eliteprospects.com/player/314/peter-nolander"
"5522";"https://www.eliteprospects.com/player/5522/ladislav-nagy"
"317";"https://www.eliteprospects.com/player/317/daniel-back"
"4276";"https://www.eliteprospects.com/player/4276/niko-mikkola"
"5686";"https://www.eliteprospects.com/player/5686/angel-nikolov"
"539";"https://www.eliteprospects.com/player/539/pierre-johnsson"
"598";"https://www.eliteprospects.com/player/598/tomas-skogs"
"2406";"https://www.eliteprospects.com/player/2406/jonathan-granstrom"
"332";"https://www.eliteprospects.com/player/332/jonas-westerling"
"4259";"https://www.eliteprospects.com/player/4259/tero-leinonen"
"719";"https://www.eliteprospects.com/player/719/andreas-karlsson"
"471";"https://www.eliteprospects.com/player/471/anders-eriksson"
"4194";"https://www.eliteprospects.com/player/4194/kimmo-peltonen"
"5528";"https://www.eliteprospects.com/player/5528/manny-malhotra"
"5529";"https://www.eliteprospects.com/player/5529/jonathan-cheechoo"
"4727";"https://www.eliteprospects.com/player/4727/bryan-mccabe"
"2640";"https://www.eliteprospects.com/player/2640/niklas-hjalmarsson"
"4700";"https://www.eliteprospects.com/player/4700/brian-boucher"
"1818";"https://www.eliteprospects.com/player/1818/vesa-viitakoski"
"4173";"https://www.eliteprospects.com/player/4173/sebastian-sulku"
"2664";"https://www.eliteprospects.com/player/2664/kimmo-timonen"
"4719";"https://www.eliteprospects.com/player/4719/chris-phillips"
"708";"https://www.eliteprospects.com/player/708/josef-boumedienne"
"5672";"https://www.eliteprospects.com/player/5672/marc-andre-bergeron"
"5673";"https://www.eliteprospects.com/player/5673/ronald-petrovicky"
"3596";"https://www.eliteprospects.com/player/3596/petr-sachl"
"1293";"https://www.eliteprospects.com/player/1293/erik-lundin"
"2635";"https://www.eliteprospects.com/player/2635/linus-morin"
"619";"https://www.eliteprospects.com/player/619/johan-wackfelt"
"4746";"https://www.eliteprospects.com/player/4746/tyler-arnason"
"1298";"https://www.eliteprospects.com/player/1298/fredrik-strid"
"3682";"https://www.eliteprospects.com/player/3682/nicklas-backstrom"
"711";"https://www.eliteprospects.com/player/711/johan-holmqvist"
"2702";"https://www.eliteprospects.com/player/2702/mikko-luoma"
"4518";"https://www.eliteprospects.com/player/4518/brett-mclean"
"4109";"https://www.eliteprospects.com/player/4109/miska-kangasniemi"
"5214";"https://www.eliteprospects.com/player/5214/richard-park"
"4324";"https://www.eliteprospects.com/player/4324/jason-deleurme"
"2658";"https://www.eliteprospects.com/player/2658/janne-niinimaa"
"5533";"https://www.eliteprospects.com/player/5533/mark-mowers"
"5678";"https://www.eliteprospects.com/player/5678/radovan-somik"
"547";"https://www.eliteprospects.com/player/547/marcus-paulsson"
"5675";"https://www.eliteprospects.com/player/5675/shawn-mceachern"
"5682";"https://www.eliteprospects.com/player/5682/paul-stanton"
"5685";"https://www.eliteprospects.com/player/5685/timo-hirvonen"
"1288";"https://www.eliteprospects.com/player/1288/patrik-hersley"
"4220";"https://www.eliteprospects.com/player/4220/robert-lukas"
"2365";"https://www.eliteprospects.com/player/2365/nicklas-jadeland"
"2357";"https://www.eliteprospects.com/player/2357/marcus-olsson"
"2682";"https://www.eliteprospects.com/player/2682/pasi-nurminen"
"2375";"https://www.eliteprospects.com/player/2375/marcus-hansson"
"2216";"https://www.eliteprospects.com/player/2216/erik-andersson"
"1217";"https://www.eliteprospects.com/player/1217/daniel-grillfors"
"3492";"https://www.eliteprospects.com/player/3492/axel-nordholm"
"3638";"https://www.eliteprospects.com/player/3638/chris-nybeck"
"4508";"https://www.eliteprospects.com/player/4508/robin-gartner"
"2461";"https://www.eliteprospects.com/player/2461/maths-johansson"
"2312";"https://www.eliteprospects.com/player/2312/seth-wikskal"
"1229";"https://www.eliteprospects.com/player/1229/erik-ersberg"
"3192";"https://www.eliteprospects.com/player/3192/markus-seikola"
"2034";"https://www.eliteprospects.com/player/2034/anton-axelsson"
"7305";"https://www.eliteprospects.com/player/7305/jason-krog"
"3681";"https://www.eliteprospects.com/player/3681/patrik-carlsson"
"2627";"https://www.eliteprospects.com/player/2627/kirill-starkov"
"2020";"https://www.eliteprospects.com/player/2020/patrik-zackrisson"
"3636";"https://www.eliteprospects.com/player/3636/robin-figren"
"2455";"https://www.eliteprospects.com/player/2455/mathias-porseland"
"2613";"https://www.eliteprospects.com/player/2613/morten-madsen"
"3790";"https://www.eliteprospects.com/player/3790/jonas-ahnelov"
"1282";"https://www.eliteprospects.com/player/1282/sebastian-karlsson"
"2036";"https://www.eliteprospects.com/player/2036/joel-gistedt"
"5863";"https://www.eliteprospects.com/player/5863/sami-torkki"
"461";"https://www.eliteprospects.com/player/461/martin-samuelsson"
"7307";"https://www.eliteprospects.com/player/7307/shane-willis"
"3684";"https://www.eliteprospects.com/player/3684/erik-lindhagen"
"2504";"https://www.eliteprospects.com/player/2504/andreas-axell"
"3442";"https://www.eliteprospects.com/player/3442/jonas-junland"
"5733";"https://www.eliteprospects.com/player/5733/linus-nasstrom"
"3443";"https://www.eliteprospects.com/player/3443/victor-ringberg"
"2621";"https://www.eliteprospects.com/player/2621/carl-gunnarsson"
"2624";"https://www.eliteprospects.com/player/2624/dan-mogemark"
"5852";"https://www.eliteprospects.com/player/5852/rami-alanko"
"773";"https://www.eliteprospects.com/player/773/johan-olsson"
"2647";"https://www.eliteprospects.com/player/2647/mikael-johansson"
"7299";"https://www.eliteprospects.com/player/7299/martin-sevc"
"776";"https://www.eliteprospects.com/player/776/martin-thelander"
"620";"https://www.eliteprospects.com/player/620/marcus-weinstock"
"7310";"https://www.eliteprospects.com/player/7310/nikos-tselios"
"1601";"https://www.eliteprospects.com/player/1601/pavel-patera"
"595";"https://www.eliteprospects.com/player/595/christopher-heino-lindberg"
"5854";"https://www.eliteprospects.com/player/5854/lubos-bartecko"
"3597";"https://www.eliteprospects.com/player/3597/vladimir-machulda"
"5853";"https://www.eliteprospects.com/player/5853/pekka-saravo"
"2048";"https://www.eliteprospects.com/player/2048/robin-lindqvist"
"2641";"https://www.eliteprospects.com/player/2641/magnus-isaksson"
"4008";"https://www.eliteprospects.com/player/4008/linus-omark"
"2007";"https://www.eliteprospects.com/player/2007/marcus-nyberg"
"2356";"https://www.eliteprospects.com/player/2356/mattias-modig"
"3924";"https://www.eliteprospects.com/player/3924/jim-karlsson"
"5868";"https://www.eliteprospects.com/player/5868/miloslav-horava"
"5874";"https://www.eliteprospects.com/player/5874/pasi-tuominen"
"3528";"https://www.eliteprospects.com/player/3528/tommy-wargh"
"7283";"https://www.eliteprospects.com/player/7283/tony-tuzzolino"
"2049";"https://www.eliteprospects.com/player/2049/andreas-molinder"
"2022";"https://www.eliteprospects.com/player/2022/niklas-oman"
"2023";"https://www.eliteprospects.com/player/2023/johan-nilsson"
"3581";"https://www.eliteprospects.com/player/3581/vladimir-sicak"
"2046";"https://www.eliteprospects.com/player/2046/johan-dahlberg"
"1303";"https://www.eliteprospects.com/player/1303/tommy-enstrom"
"5867";"https://www.eliteprospects.com/player/5867/karol-krizan"
"911";"https://www.eliteprospects.com/player/911/mathias-mansson"
"6497";"https://www.eliteprospects.com/player/6497/rodrigo-lavins"
"4226";"https://www.eliteprospects.com/player/4226/lars-erik-spets"
"1061";"https://www.eliteprospects.com/player/1061/martin-ohrstedt"
"5983";"https://www.eliteprospects.com/player/5983/antti-aarnio"
"3755";"https://www.eliteprospects.com/player/3755/marcus-gotz"
"3415";"https://www.eliteprospects.com/player/3415/johan-alcen"
"3757";"https://www.eliteprospects.com/player/3757/sebastian-enterfeldt"
"2052";"https://www.eliteprospects.com/player/2052/kim-sunna"
"1304";"https://www.eliteprospects.com/player/1304/jacob-blomqvist"
"3769";"https://www.eliteprospects.com/player/3769/anders-lindback"
"3475";"https://www.eliteprospects.com/player/3475/fredrik-grasvik"
"1285";"https://www.eliteprospects.com/player/1285/patrik-eriksson"
"6042";"https://www.eliteprospects.com/player/6042/eric-johansson"
"5979";"https://www.eliteprospects.com/player/5979/ross-lupaschuk"
"5955";"https://www.eliteprospects.com/player/5955/kalle-kerman"
"3220";"https://www.eliteprospects.com/player/3220/marco-tuokko"
"3219";"https://www.eliteprospects.com/player/3219/teemu-elomo"
"5869";"https://www.eliteprospects.com/player/5869/peter-smrek"
"2668";"https://www.eliteprospects.com/player/2668/jarno-kultanen"
"4228";"https://www.eliteprospects.com/player/4228/anders-bastiansen"
"6443";"https://www.eliteprospects.com/player/6443/atvars-tribuncovs"
"7117";"https://www.eliteprospects.com/player/7117/eric-beaudoin"
"5873";"https://www.eliteprospects.com/player/5873/peter-fabus"
"6606";"https://www.eliteprospects.com/player/6606/jordan-krestanovich"
"5640";"https://www.eliteprospects.com/player/5640/jesper-olsson"
"4067";"https://www.eliteprospects.com/player/4067/andree-hult"
"1704";"https://www.eliteprospects.com/player/1704/jens-jakobs"
"5865";"https://www.eliteprospects.com/player/5865/petri-vehanen"
"1057";"https://www.eliteprospects.com/player/1057/carl-johan-johansson"
"4104";"https://www.eliteprospects.com/player/4104/peter-regin"
"7286";"https://www.eliteprospects.com/player/7286/pavel-rosa"
"4152";"https://www.eliteprospects.com/player/4152/anton-stralman"
"6811";"https://www.eliteprospects.com/player/6811/blake-sloan"
"5861";"https://www.eliteprospects.com/player/5861/janne-laakkonen"
"3625";"https://www.eliteprospects.com/player/3625/eric-moe"
"7226";"https://www.eliteprospects.com/player/7226/adam-svoboda"
"5864";"https://www.eliteprospects.com/player/5864/mika-oksa"
"3683";"https://www.eliteprospects.com/player/3683/patric-hornqvist"
"15";"https://www.eliteprospects.com/player/15/jonas-liwing"
"1412";"https://www.eliteprospects.com/player/1412/erik-ryman"
"2042";"https://www.eliteprospects.com/player/2042/alexander-ribbenstrand"
"7109";"https://www.eliteprospects.com/player/7109/antti-pekka-lamberg"
"4364";"https://www.eliteprospects.com/player/4364/tim-johansson-brack"
"3695";"https://www.eliteprospects.com/player/3695/jimmy-jensen"
"6626";"https://www.eliteprospects.com/player/6626/andreas-engqvist"
"2277";"https://www.eliteprospects.com/player/2277/nils-backstrom"
"2280";"https://www.eliteprospects.com/player/2280/christopher-from-bjork"
"3635";"https://www.eliteprospects.com/player/3635/stefan-ridderwall"
"886";"https://www.eliteprospects.com/player/886/mattias-andersson"
"2718";"https://www.eliteprospects.com/player/2718/teemu-lassila"
"6664";"https://www.eliteprospects.com/player/6664/miroslav-zalesak"
"7110";"https://www.eliteprospects.com/player/7110/justin-mapletoft"
"360";"https://www.eliteprospects.com/player/360/david-nystrom"
"4198";"https://www.eliteprospects.com/player/4198/christoph-brandner"
"6641";"https://www.eliteprospects.com/player/6641/stanislav-neckar"
"2636";"https://www.eliteprospects.com/player/2636/johan-andersson"
"3696";"https://www.eliteprospects.com/player/3696/tony-lagerstrom"
"3537";"https://www.eliteprospects.com/player/3537/fredrik-sonntag"
"6454";"https://www.eliteprospects.com/player/6454/petr-leska"
"2021";"https://www.eliteprospects.com/player/2021/tom-wandell"
"3688";"https://www.eliteprospects.com/player/3688/jhonas-enroth"
"5988";"https://www.eliteprospects.com/player/5988/jiri-bicek"
"652";"https://www.eliteprospects.com/player/652/jesper-ollas"
"6812";"https://www.eliteprospects.com/player/6812/jarrod-skalde"
"1103";"https://www.eliteprospects.com/player/1103/jimmie-ericsson"
"6448";"https://www.eliteprospects.com/player/6448/mike-watt"
"7290";"https://www.eliteprospects.com/player/7290/jaroslav-kalla"
"5989";"https://www.eliteprospects.com/player/5989/kimmo-lotvonen"
"3503";"https://www.eliteprospects.com/player/3503/petter-ullman"
"7303";"https://www.eliteprospects.com/player/7303/pavel-trnka"
"2050";"https://www.eliteprospects.com/player/2050/mattias-ritola"
"4045";"https://www.eliteprospects.com/player/4045/patrik-hucko"
"6496";"https://www.eliteprospects.com/player/6496/yan-golubovsky"
"3578";"https://www.eliteprospects.com/player/3578/ladislav-benysek"
"2340";"https://www.eliteprospects.com/player/2340/niklas-broms"
"3724";"https://www.eliteprospects.com/player/3724/niclas-andersen"
"3446";"https://www.eliteprospects.com/player/3446/daniel-eklund"
"5990";"https://www.eliteprospects.com/player/5990/jan-srdinko"
"6451";"https://www.eliteprospects.com/player/6451/tomas-duba"
"4278";"https://www.eliteprospects.com/player/4278/janne-niskala"
"2713";"https://www.eliteprospects.com/player/2713/esa-pirnes"
"9737";"https://www.eliteprospects.com/player/9737/robert-kantor"
"3885";"https://www.eliteprospects.com/player/3885/per-aslund"
"6953";"https://www.eliteprospects.com/player/6953/johan-motin"
"2047";"https://www.eliteprospects.com/player/2047/martin-johansson"
"7625";"https://www.eliteprospects.com/player/7625/atte-pentikainen"
"2430";"https://www.eliteprospects.com/player/2430/cristian-sward"
"3900";"https://www.eliteprospects.com/player/3900/per-johnsson"
"7101";"https://www.eliteprospects.com/player/7101/henrik-bjorklund"
"5565";"https://www.eliteprospects.com/player/5565/emil-bejmo"
"3891";"https://www.eliteprospects.com/player/3891/niclas-levein"
"4289";"https://www.eliteprospects.com/player/4289/johan-erkgards"
"10017";"https://www.eliteprospects.com/player/10017/andro-michel"
"3894";"https://www.eliteprospects.com/player/3894/alexander-hermansson"
"1140";"https://www.eliteprospects.com/player/1140/johan-akerman"
"7419";"https://www.eliteprospects.com/player/7419/jukka-voutilainen"
"7597";"https://www.eliteprospects.com/player/7597/pasi-puistola"
"8623";"https://www.eliteprospects.com/player/8623/jan-hrdina"
"642";"https://www.eliteprospects.com/player/642/andreas-falk"
"8618";"https://www.eliteprospects.com/player/8618/jaroslav-balastik"
"872";"https://www.eliteprospects.com/player/872/jens-svensson"
"3246";"https://www.eliteprospects.com/player/3246/timo-vertala"
"8289";"https://www.eliteprospects.com/player/8289/lance-ward"
"9011";"https://www.eliteprospects.com/player/9011/pat-kavanagh"
"3737";"https://www.eliteprospects.com/player/3737/henrik-eriksson"
"4511";"https://www.eliteprospects.com/player/4511/patrik-magnusson"
"4512";"https://www.eliteprospects.com/player/4512/lukas-eriksson"
"3604";"https://www.eliteprospects.com/player/3604/scott-langkow"
"6632";"https://www.eliteprospects.com/player/6632/christoffer-bengtsberg"
"740";"https://www.eliteprospects.com/player/740/niklas-sundstrom"
"9455";"https://www.eliteprospects.com/player/9455/justin-morrison"
"7627";"https://www.eliteprospects.com/player/7627/kristian-kuusela"
"8636";"https://www.eliteprospects.com/player/8636/zdenek-blatny"
"3754";"https://www.eliteprospects.com/player/3754/niklas-sjodin"
"7145";"https://www.eliteprospects.com/player/7145/mattias-erlander"
"10455";"https://www.eliteprospects.com/player/10455/tomas-vlasak"
"1705";"https://www.eliteprospects.com/player/1705/niklas-olausson"
"8159";"https://www.eliteprospects.com/player/8159/chris-kelleher"
"9893";"https://www.eliteprospects.com/player/9893/paul-healey"
"8630";"https://www.eliteprospects.com/player/8630/ivan-majesky"
"3982";"https://www.eliteprospects.com/player/3982/henrik-bankelius"
"3978";"https://www.eliteprospects.com/player/3978/joakim-larson"
"3906";"https://www.eliteprospects.com/player/3906/markus-bergkvist"
"6634";"https://www.eliteprospects.com/player/6634/martin-laumann-ylven"
"2620";"https://www.eliteprospects.com/player/2620/emil-axelsson"
"8252";"https://www.eliteprospects.com/player/8252/roman-cechmanek"
"2671";"https://www.eliteprospects.com/player/2671/riku-hahl"
"2710";"https://www.eliteprospects.com/player/2710/timo-parssinen"
"1296";"https://www.eliteprospects.com/player/1296/bjorn-svensson"
"7585";"https://www.eliteprospects.com/player/7585/petri-kokko"
"4120";"https://www.eliteprospects.com/player/4120/johan-ryno"
"7422";"https://www.eliteprospects.com/player/7422/mikko-laine"
"3963";"https://www.eliteprospects.com/player/3963/henrik-olsson"
"5546";"https://www.eliteprospects.com/player/5546/sebastian-erixon"
"3444";"https://www.eliteprospects.com/player/3444/oscar-johansson"
"3962";"https://www.eliteprospects.com/player/3962/magnus-nyberg"
"3954";"https://www.eliteprospects.com/player/3954/niklas-sjolund"
"2490";"https://www.eliteprospects.com/player/2490/henrik-osterholm"
"5752";"https://www.eliteprospects.com/player/5752/jesper-backlund"
"3569";"https://www.eliteprospects.com/player/3569/nick-angell"
"2566";"https://www.eliteprospects.com/player/2566/mads-hansen"
"7398";"https://www.eliteprospects.com/player/7398/janne-hauhtonen"
"7603";"https://www.eliteprospects.com/player/7603/antti-hulkkonen"
"3706";"https://www.eliteprospects.com/player/3706/jonathan-carlsson"
"3482";"https://www.eliteprospects.com/player/3482/richard-gynge"
"3477";"https://www.eliteprospects.com/player/3477/erik-belin"
"1149";"https://www.eliteprospects.com/player/1149/daniel-strom"
"8288";"https://www.eliteprospects.com/player/8288/robert-kristan"
"8681";"https://www.eliteprospects.com/player/8681/tomas-surovy"
"8338";"https://www.eliteprospects.com/player/8338/martin-chabada"
"2714";"https://www.eliteprospects.com/player/2714/jesse-niinimaki"
"3996";"https://www.eliteprospects.com/player/3996/mikael-lidhammar"
"7593";"https://www.eliteprospects.com/player/7593/mikko-pukka"
"965";"https://www.eliteprospects.com/player/965/mats-lavander"
"4003";"https://www.eliteprospects.com/player/4003/marcus-johansson"
"5213";"https://www.eliteprospects.com/player/5213/pavel-brendl"
"8421";"https://www.eliteprospects.com/player/8421/miroslav-blatak"
"7605";"https://www.eliteprospects.com/player/7605/ivan-huml"
"7553";"https://www.eliteprospects.com/player/7553/antti-bruun"
"7405";"https://www.eliteprospects.com/player/7405/mikko-kurvinen"
"9676";"https://www.eliteprospects.com/player/9676/ryan-jardine"
"3189";"https://www.eliteprospects.com/player/3189/tero-maatta"
"4429";"https://www.eliteprospects.com/player/4429/patrick-cedergren"
"4537";"https://www.eliteprospects.com/player/4537/nicholas-phillips"
"8420";"https://www.eliteprospects.com/player/8420/tomas-slovak"
"4090";"https://www.eliteprospects.com/player/4090/anders-danielsson"
"7457";"https://www.eliteprospects.com/player/7457/juha-pitkamaki"
"7412";"https://www.eliteprospects.com/player/7412/mikko-ramo"
"4386";"https://www.eliteprospects.com/player/4386/lars-johansson"
"5974";"https://www.eliteprospects.com/player/5974/steve-kariya"
"2708";"https://www.eliteprospects.com/player/2708/sean-bergenheim"
"8637";"https://www.eliteprospects.com/player/8637/martin-cibak"
"7524";"https://www.eliteprospects.com/player/7524/ari-vallin"
"4087";"https://www.eliteprospects.com/player/4087/joakim-andersson"
"3742";"https://www.eliteprospects.com/player/3742/isaac-haag"
"5996";"https://www.eliteprospects.com/player/5996/mikkel-bodker"
"6006";"https://www.eliteprospects.com/player/6006/philip-larsen"
"2659";"https://www.eliteprospects.com/player/2659/tomi-pettinen"
"5538";"https://www.eliteprospects.com/player/5538/pontus-hansson"
"5926";"https://www.eliteprospects.com/player/5926/jere-myllyniemi"
"4724";"https://www.eliteprospects.com/player/4724/morten-ask"
"10506";"https://www.eliteprospects.com/player/10506/jiri-marusak"
"3693";"https://www.eliteprospects.com/player/3693/mikael-ahlen"
"4358";"https://www.eliteprospects.com/player/4358/linus-persson"
"4568";"https://www.eliteprospects.com/player/4568/dennis-persson"
"3697";"https://www.eliteprospects.com/player/3697/patrik-lundh"
"4353";"https://www.eliteprospects.com/player/4353/oscar-eklund"
"1284";"https://www.eliteprospects.com/player/1284/daniel-larsson"
"9920";"https://www.eliteprospects.com/player/9920/jason-king"
"936";"https://www.eliteprospects.com/player/936/pontus-petterstrom"
"5957";"https://www.eliteprospects.com/player/5957/daniel-welser"
"1357";"https://www.eliteprospects.com/player/1357/brett-harkins"
"7542";"https://www.eliteprospects.com/player/7542/markku-tahtinen"
"529";"https://www.eliteprospects.com/player/529/daniel-sondell"
"4493";"https://www.eliteprospects.com/player/4493/tomas-larsson"
"10724";"https://www.eliteprospects.com/player/10724/duane-harmer"
"9672";"https://www.eliteprospects.com/player/9672/andrej-nedorost"
"881";"https://www.eliteprospects.com/player/881/fredrik-lindgren"
"1602";"https://www.eliteprospects.com/player/1602/libor-prochazka"
"7475";"https://www.eliteprospects.com/player/7475/antti-virtanen"
"8248";"https://www.eliteprospects.com/player/8248/markus-schlacher"
"4630";"https://www.eliteprospects.com/player/4630/erik-karlberg"
"4504";"https://www.eliteprospects.com/player/4504/patrik-wallon"
"4496";"https://www.eliteprospects.com/player/4496/nicklas-dahlberg"
"3577";"https://www.eliteprospects.com/player/3577/dave-stathos"
"1798";"https://www.eliteprospects.com/player/1798/lasse-pirjeta"
"4024";"https://www.eliteprospects.com/player/4024/andreas-thuresson"
"7302";"https://www.eliteprospects.com/player/7302/david-moravec"
"1125";"https://www.eliteprospects.com/player/1125/mikael-johansson"
"9559";"https://www.eliteprospects.com/player/9559/fyodor-fyodorov"
"8833";"https://www.eliteprospects.com/player/8833/jason-woolley"
"9634";"https://www.eliteprospects.com/player/9634/milan-bartovic"
"8388";"https://www.eliteprospects.com/player/8388/radek-duda"
"3186";"https://www.eliteprospects.com/player/3186/jyri-marttinen"
"6637";"https://www.eliteprospects.com/player/6637/robert-tomik"
"4535";"https://www.eliteprospects.com/player/4535/tomas-sinisalo"
"605";"https://www.eliteprospects.com/player/605/gustaf-wesslau"
"7930";"https://www.eliteprospects.com/player/7930/levente-szuper"
"3715";"https://www.eliteprospects.com/player/3715/victor-tisell"
"6013";"https://www.eliteprospects.com/player/6013/mattias-tedenby"
"5501";"https://www.eliteprospects.com/player/5501/jimmy-andersson"
"4513";"https://www.eliteprospects.com/player/4513/simon-onerud"
"4475";"https://www.eliteprospects.com/player/4475/joakim-hillding"
"6913";"https://www.eliteprospects.com/player/6913/david-ullstrom"
"9276";"https://www.eliteprospects.com/player/9276/patrick-bovim"
"7610";"https://www.eliteprospects.com/player/7610/ville-vahalahti"
"8680";"https://www.eliteprospects.com/player/8680/josef-melichar"
"9750";"https://www.eliteprospects.com/player/9750/burke-henry"
"3966";"https://www.eliteprospects.com/player/3966/fredrik-bringnas"
"6251";"https://www.eliteprospects.com/player/6251/mats-froshaug"
"6487";"https://www.eliteprospects.com/player/6487/dennis-bozic"
"12237";"https://www.eliteprospects.com/player/12237/krisjanis-redlihs"
"4639";"https://www.eliteprospects.com/player/4639/christian-engstrand"
"7657";"https://www.eliteprospects.com/player/7657/patrick-yetman"
"1342";"https://www.eliteprospects.com/player/1342/marcus-jonasen"
"6007";"https://www.eliteprospects.com/player/6007/victor-hedman"
"6417";"https://www.eliteprospects.com/player/6417/jens-westin"
"7215";"https://www.eliteprospects.com/player/7215/stefan-espeland"
"3621";"https://www.eliteprospects.com/player/3621/thomas-enstrom"
"4581";"https://www.eliteprospects.com/player/4581/elias-bjuhr"
"3717";"https://www.eliteprospects.com/player/3717/tobias-forsberg"
"5511";"https://www.eliteprospects.com/player/5511/niklas-svedberg"
"6659";"https://www.eliteprospects.com/player/6659/fabian-brunnstrom"
"2700";"https://www.eliteprospects.com/player/2700/eero-somervuori"
"11021";"https://www.eliteprospects.com/player/11021/dominik-granak"
"12308";"https://www.eliteprospects.com/player/12308/andre-lakos"
"7504";"https://www.eliteprospects.com/player/7504/jani-tuppurainen"
"4922";"https://www.eliteprospects.com/player/4922/jens-skalberg"
"12772";"https://www.eliteprospects.com/player/12772/david-cullen"
"7237";"https://www.eliteprospects.com/player/7237/anton-grundel"
"6225";"https://www.eliteprospects.com/player/6225/marcus-johansson"
"2250";"https://www.eliteprospects.com/player/2250/jonas-gustavsson"
"7086";"https://www.eliteprospects.com/player/7086/marcus-dahlbom"
"7526";"https://www.eliteprospects.com/player/7526/mika-pyorala"
"3730";"https://www.eliteprospects.com/player/3730/petr-tenkrat"
"6016";"https://www.eliteprospects.com/player/6016/anton-lander"
"6014";"https://www.eliteprospects.com/player/6014/magnus-paajarvi"
"12862";"https://www.eliteprospects.com/player/12862/rok-ticar"
"5765";"https://www.eliteprospects.com/player/5765/sebastian-hard-af-segerstad"
"6847";"https://www.eliteprospects.com/player/6847/petter-soderstrom"
"4215";"https://www.eliteprospects.com/player/4215/toni-soderholm"
"754";"https://www.eliteprospects.com/player/754/michael-holmqvist"
"1715";"https://www.eliteprospects.com/player/1715/fredrik-pettersson"
"2612";"https://www.eliteprospects.com/player/2612/johan-andersson"
"5995";"https://www.eliteprospects.com/player/5995/lars-eller"
"9878";"https://www.eliteprospects.com/player/9878/erik-karlsson"
"7582";"https://www.eliteprospects.com/player/7582/ossi-petteri-gronholm"
"6058";"https://www.eliteprospects.com/player/6058/anton-gustafsson"
"10071";"https://www.eliteprospects.com/player/10071/peter-andersson"
"5009";"https://www.eliteprospects.com/player/5009/simon-hjalmarsson"
"5016";"https://www.eliteprospects.com/player/5016/nicklas-lasu"
"2691";"https://www.eliteprospects.com/player/2691/ari-ahonen"
"3778";"https://www.eliteprospects.com/player/3778/dick-axelsson"
"2685";"https://www.eliteprospects.com/player/2685/ossi-vaananen"
"5503";"https://www.eliteprospects.com/player/5503/carl-gustafsson"
"7655";"https://www.eliteprospects.com/player/7655/jacob-josefson"
"4356";"https://www.eliteprospects.com/player/4356/mattias-guter"
"4365";"https://www.eliteprospects.com/player/4365/tobias-lindstrom"
"4354";"https://www.eliteprospects.com/player/4354/linus-kjell"
"7052";"https://www.eliteprospects.com/player/7052/henrik-eriksson"
"5763";"https://www.eliteprospects.com/player/5763/mark-owuya"
"11031";"https://www.eliteprospects.com/player/11031/lee-goren"
"8745";"https://www.eliteprospects.com/player/8745/kent-mcdonell"
"969";"https://www.eliteprospects.com/player/969/erik-forssell"
"7581";"https://www.eliteprospects.com/player/7581/kimmo-koskenkorva"
"973";"https://www.eliteprospects.com/player/973/erik-andersson"
"7965";"https://www.eliteprospects.com/player/7965/mikko-maenpaa"
"12450";"https://www.eliteprospects.com/player/12450/miroslav-kovacik"
"12234";"https://www.eliteprospects.com/player/12234/jan-novak"
"7074";"https://www.eliteprospects.com/player/7074/martin-lundberg"
"313";"https://www.eliteprospects.com/player/313/jonas-lennartsson"
"4631";"https://www.eliteprospects.com/player/4631/joel-vikberg"
"5634";"https://www.eliteprospects.com/player/5634/johan-burlin"
"5626";"https://www.eliteprospects.com/player/5626/markus-hedstrom"
"6051";"https://www.eliteprospects.com/player/6051/tim-erixon"
"7069";"https://www.eliteprospects.com/player/7069/david-rundblad"
"6145";"https://www.eliteprospects.com/player/6145/petri-pakaslahti"
"2295";"https://www.eliteprospects.com/player/2295/linus-klasen"
"3593";"https://www.eliteprospects.com/player/3593/quinn-hancock"
"5527";"https://www.eliteprospects.com/player/5527/kristian-kudroc"
"3243";"https://www.eliteprospects.com/player/3243/tomek-valtonen"
"12255";"https://www.eliteprospects.com/player/12255/martin-richter"
"6072";"https://www.eliteprospects.com/player/6072/daniel-despotovic"
"5658";"https://www.eliteprospects.com/player/5658/fredric-andersson"
"1039";"https://www.eliteprospects.com/player/1039/johan-wiklander"
"11500";"https://www.eliteprospects.com/player/11500/cory-larose"
"1029";"https://www.eliteprospects.com/player/1029/johan-ejdepalm"
"6065";"https://www.eliteprospects.com/player/6065/robin-olsson"
"12029";"https://www.eliteprospects.com/player/12029/nick-kuiper"
"4858";"https://www.eliteprospects.com/player/4858/kim-karlsson"
"5591";"https://www.eliteprospects.com/player/5591/anders-nilsson"
"5596";"https://www.eliteprospects.com/player/5596/peter-skoggard"
"2665";"https://www.eliteprospects.com/player/2665/toni-dahlman"
"2701";"https://www.eliteprospects.com/player/2701/martti-jarventie"
"7630";"https://www.eliteprospects.com/player/7630/rob-hisey"
"8068";"https://www.eliteprospects.com/player/8068/tomas-harant"
"8373";"https://www.eliteprospects.com/player/8373/mattias-ekholm"
"7219";"https://www.eliteprospects.com/player/7219/daniel-viksten"
"7002";"https://www.eliteprospects.com/player/7002/lucas-sandstrom"
"6070";"https://www.eliteprospects.com/player/6070/viktor-amner"
"6962";"https://www.eliteprospects.com/player/6962/daniel-hansen"
"7426";"https://www.eliteprospects.com/player/7426/juuso-hietanen"
"2019";"https://www.eliteprospects.com/player/2019/alexander-sundstrom"
"3250";"https://www.eliteprospects.com/player/3250/markus-kankaanpera"
"3707";"https://www.eliteprospects.com/player/3707/emil-sandin"
"6338";"https://www.eliteprospects.com/player/6338/rickard-eriksson"
"4288";"https://www.eliteprospects.com/player/4288/anton-persson"
"9787";"https://www.eliteprospects.com/player/9787/jacob-markstrom"
"15713";"https://www.eliteprospects.com/player/15713/jonas-holos"
"3248";"https://www.eliteprospects.com/player/3248/arto-laatikainen"
"1347";"https://www.eliteprospects.com/player/1347/marius-holtet"
"15977";"https://www.eliteprospects.com/player/15977/sacha-treille"
"6052";"https://www.eliteprospects.com/player/6052/filip-gunnarsson"
"10702";"https://www.eliteprospects.com/player/10702/robert-tellberg"
"6305";"https://www.eliteprospects.com/player/6305/peter-wennerstrom"
"4576";"https://www.eliteprospects.com/player/4576/markus-karlsson"
"5566";"https://www.eliteprospects.com/player/5566/gustaf-thorell"
"7287";"https://www.eliteprospects.com/player/7287/jaroslav-hlinka"
"8709";"https://www.eliteprospects.com/player/8709/jan-hlavac"
"4996";"https://www.eliteprospects.com/player/4996/viktor-ekbom"
"6872";"https://www.eliteprospects.com/player/6872/sebastian-harrysson"
"1067";"https://www.eliteprospects.com/player/1067/robin-persson"
"2670";"https://www.eliteprospects.com/player/2670/mika-noronen"
"10214";"https://www.eliteprospects.com/player/10214/johnny-pohl"
"8530";"https://www.eliteprospects.com/player/8530/joe-dipenta"
"9791";"https://www.eliteprospects.com/player/9791/carl-klingberg"
"5681";"https://www.eliteprospects.com/player/5681/casper-carning"
"17055";"https://www.eliteprospects.com/player/17055/martin-roymark"
"9790";"https://www.eliteprospects.com/player/9790/tim-branholm"
"10018";"https://www.eliteprospects.com/player/10018/henrik-tommernes"
"8429";"https://www.eliteprospects.com/player/8429/kris-beech"
"3183";"https://www.eliteprospects.com/player/3183/teemu-laine"
"10845";"https://www.eliteprospects.com/player/10845/kamil-piros"
"4509";"https://www.eliteprospects.com/player/4509/nichlas-torp"
"7039";"https://www.eliteprospects.com/player/7039/andre-petersson"
"18130";"https://www.eliteprospects.com/player/18130/jesper-williamsson"
"4585";"https://www.eliteprospects.com/player/4585/robin-karlsson"
"5770";"https://www.eliteprospects.com/player/5770/martin-pettersson"
"3705";"https://www.eliteprospects.com/player/3705/kristofer-berglund"
"3594";"https://www.eliteprospects.com/player/3594/radek-philipp"
"1082";"https://www.eliteprospects.com/player/1082/daniel-olofsson"
"9850";"https://www.eliteprospects.com/player/9850/fredrik-styrman"
"9853";"https://www.eliteprospects.com/player/9853/johannes-tornberg"
"9860";"https://www.eliteprospects.com/player/9860/jonas-berglund"
"8786";"https://www.eliteprospects.com/player/8786/niko-dimitrakos"
"11030";"https://www.eliteprospects.com/player/11030/brad-moran"
"6021";"https://www.eliteprospects.com/player/6021/mattias-lindstrom"
"1094";"https://www.eliteprospects.com/player/1094/niklas-strandberg"
"8419";"https://www.eliteprospects.com/player/8419/martin-sandgren"
"6015";"https://www.eliteprospects.com/player/6015/marcus-hurtig"
"7281";"https://www.eliteprospects.com/player/7281/niclas-burstrom"
"10713";"https://www.eliteprospects.com/player/10713/adam-larsson"
"10014";"https://www.eliteprospects.com/player/10014/melker-karlsson"
"1100";"https://www.eliteprospects.com/player/1100/markus-ottosson"
"9465";"https://www.eliteprospects.com/player/9465/stephen-dixon"
"6562";"https://www.eliteprospects.com/player/6562/jakob-silfverberg"
"8805";"https://www.eliteprospects.com/player/8805/kyle-wanvig"
"11173";"https://www.eliteprospects.com/player/11173/simon-bertilsson"
"9778";"https://www.eliteprospects.com/player/9778/simon-lof"
"9784";"https://www.eliteprospects.com/player/9784/joacim-eriksson"
"3247";"https://www.eliteprospects.com/player/3247/mikko-lehtonen"
"8495";"https://www.eliteprospects.com/player/8495/martin-sonnenberg"
"5943";"https://www.eliteprospects.com/player/5943/toni-makiaho"
"14042";"https://www.eliteprospects.com/player/14042/nate-dicasmirro"
"4613";"https://www.eliteprospects.com/player/4613/jesper-samuelsson"
"6849";"https://www.eliteprospects.com/player/6849/joakim-toivonen"
"6572";"https://www.eliteprospects.com/player/6572/adam-nilsson"
"7067";"https://www.eliteprospects.com/player/7067/christoffer-holmstrom-coox"
"7245";"https://www.eliteprospects.com/player/7245/sean-michel-sunnqvist"
"7611";"https://www.eliteprospects.com/player/7611/tuomo-karjalainen"
"10881";"https://www.eliteprospects.com/player/10881/mats-zuccarello"
"3733";"https://www.eliteprospects.com/player/3733/jeff-ulmer"
"7448";"https://www.eliteprospects.com/player/7448/ville-snellman"
"12294";"https://www.eliteprospects.com/player/12294/josef-hrabal"
"7076";"https://www.eliteprospects.com/player/7076/adam-eriksson"
"6000";"https://www.eliteprospects.com/player/6000/magnus-holm"
"12052";"https://www.eliteprospects.com/player/12052/tim-weber"
"4075";"https://www.eliteprospects.com/player/4075/martin-signal-bergius"
"7792";"https://www.eliteprospects.com/player/7792/eric-persson"
"6410";"https://www.eliteprospects.com/player/6410/joakim-mattsson"
"8962";"https://www.eliteprospects.com/player/8962/mike-morrison"
"6215";"https://www.eliteprospects.com/player/6215/andreas-bystrom"
"733";"https://www.eliteprospects.com/player/733/marcus-ragnarsson"
"3601";"https://www.eliteprospects.com/player/3601/david-schneider"
"8311";"https://www.eliteprospects.com/player/8311/marcus-kruger"
"10393";"https://www.eliteprospects.com/player/10393/gabriel-landeskog"
"7469";"https://www.eliteprospects.com/player/7469/tero-konttinen"
"10051";"https://www.eliteprospects.com/player/10051/daniel-brodin"
"6047";"https://www.eliteprospects.com/player/6047/patrick-cehlin"
"8317";"https://www.eliteprospects.com/player/8317/kim-lennhammer"
"5507";"https://www.eliteprospects.com/player/5507/alexander-deilert"
"7045";"https://www.eliteprospects.com/player/7045/alexander-urbom"
"7040";"https://www.eliteprospects.com/player/7040/tim-sandberg"
"12059";"https://www.eliteprospects.com/player/12059/cam-abbott"
"12869";"https://www.eliteprospects.com/player/12869/chris-abbott"
"1962";"https://www.eliteprospects.com/player/1962/andree-brendheden"
"4040";"https://www.eliteprospects.com/player/4040/mattias-sjogren"
"4407";"https://www.eliteprospects.com/player/4407/mario-kempe"
"4241";"https://www.eliteprospects.com/player/4241/mads-bodker"
"3420";"https://www.eliteprospects.com/player/3420/peter-lorentzen"
"5650";"https://www.eliteprospects.com/player/5650/christopher-liljewall"
"9177";"https://www.eliteprospects.com/player/9177/martin-strbak"
"3714";"https://www.eliteprospects.com/player/3714/mathias-sjoberg"
"13270";"https://www.eliteprospects.com/player/13270/emanuel-astrom"
"13538";"https://www.eliteprospects.com/player/13538/viktor-svedberg"
"13351";"https://www.eliteprospects.com/player/13351/ted-brithen"
"4027";"https://www.eliteprospects.com/player/4027/sebastian-strom"
"15582";"https://www.eliteprospects.com/player/15582/jurgen-penker"
"10377";"https://www.eliteprospects.com/player/10377/johan-nielsen"
"9460";"https://www.eliteprospects.com/player/9460/andre-benoit"
"10398";"https://www.eliteprospects.com/player/10398/jason-morgan"
"3187";"https://www.eliteprospects.com/player/3187/topi-jaakola"
"6485";"https://www.eliteprospects.com/player/6485/lukas-kilstrom"
"7797";"https://www.eliteprospects.com/player/7797/andreas-grondahl"
"11003";"https://www.eliteprospects.com/player/11003/joakim-molin"
"4254";"https://www.eliteprospects.com/player/4254/henrik-karlsson"
"20050";"https://www.eliteprospects.com/player/20050/johan-mattsson"
"10378";"https://www.eliteprospects.com/player/10378/adam-almquist"
"13743";"https://www.eliteprospects.com/player/13743/oscar-fantenberg"
"7034";"https://www.eliteprospects.com/player/7034/johan-linnander"
"10967";"https://www.eliteprospects.com/player/10967/jesper-fast"
"19475";"https://www.eliteprospects.com/player/19475/jonas-gunnarsson"
"9411";"https://www.eliteprospects.com/player/9411/kyle-klubertanz"
"9525";"https://www.eliteprospects.com/player/9525/mike-zigomanis"
"10718";"https://www.eliteprospects.com/player/10718/simon-mitman"
"9006";"https://www.eliteprospects.com/player/9006/arvid-stromberg"
"7968";"https://www.eliteprospects.com/player/7968/calle-ackered"
"7062";"https://www.eliteprospects.com/player/7062/stefan-soder"
"7782";"https://www.eliteprospects.com/player/7782/john-norman"
"15878";"https://www.eliteprospects.com/player/15878/linus-hultstrom"
"11133";"https://www.eliteprospects.com/player/11133/patrik-bengtsson"
"12631";"https://www.eliteprospects.com/player/12631/daniel-holmberg"
"9835";"https://www.eliteprospects.com/player/9835/joel-akesson"
"11072";"https://www.eliteprospects.com/player/11072/victor-wahlqvist"
"12949";"https://www.eliteprospects.com/player/12949/mattias-backman"
"9729";"https://www.eliteprospects.com/player/9729/christoffer-aniander"
"13266";"https://www.eliteprospects.com/player/13266/klas-dahlbeck"
"6886";"https://www.eliteprospects.com/player/6886/ludvig-driscoll"
"13142";"https://www.eliteprospects.com/player/13142/sebastian-ottosson"
"13220";"https://www.eliteprospects.com/player/13220/tim-harrysson"
"5510";"https://www.eliteprospects.com/player/5510/axel-brage"
"4328";"https://www.eliteprospects.com/player/4328/johan-forsberg"
"8339";"https://www.eliteprospects.com/player/8339/pierre-edouard-bellemare"
"10711";"https://www.eliteprospects.com/player/10711/oscar-lindberg"
"13005";"https://www.eliteprospects.com/player/13005/petter-emanuelsson"
"19783";"https://www.eliteprospects.com/player/19783/mattias-granlund"
"13901";"https://www.eliteprospects.com/player/13901/petter-granberg"
"13096";"https://www.eliteprospects.com/player/13096/rasmus-edstrom"
"13091";"https://www.eliteprospects.com/player/13091/par-lindholm"
"10712";"https://www.eliteprospects.com/player/10712/adam-pettersson"
"9004";"https://www.eliteprospects.com/player/9004/gustaf-lindvall"
"12678";"https://www.eliteprospects.com/player/12678/severin-blindenbacher"
"7587";"https://www.eliteprospects.com/player/7587/antti-pihlstrom"
"7100";"https://www.eliteprospects.com/player/7100/robin-sterner"
"17908";"https://www.eliteprospects.com/player/17908/angel-krstev"
"7726";"https://www.eliteprospects.com/player/7726/robin-wall"
"3533";"https://www.eliteprospects.com/player/3533/fredrik-ljuden"
"19980";"https://www.eliteprospects.com/player/19980/jonas-brodin"
"13038";"https://www.eliteprospects.com/player/13038/erik-thorell"
"10538";"https://www.eliteprospects.com/player/10538/magnus-nygren"
"10020";"https://www.eliteprospects.com/player/10020/adam-rundqvist"
"6252";"https://www.eliteprospects.com/player/6252/robin-rahm"
"10306";"https://www.eliteprospects.com/player/10306/johan-gustafsson"
"6020";"https://www.eliteprospects.com/player/6020/calle-jarnkrok"
"7084";"https://www.eliteprospects.com/player/7084/anton-rodin"
"14989";"https://www.eliteprospects.com/player/14989/victor-berglind"
"10515";"https://www.eliteprospects.com/player/10515/joachim-rohdin"
"9782";"https://www.eliteprospects.com/player/9782/sebastian-wannstrom"
"4347";"https://www.eliteprospects.com/player/4347/eddie-lack"
"10513";"https://www.eliteprospects.com/player/10513/alexander-sahlin"
"1254";"https://www.eliteprospects.com/player/1254/fredrik-alcen"
"4225";"https://www.eliteprospects.com/player/4225/mathis-olimb"
"3201";"https://www.eliteprospects.com/player/3201/ville-mantymaa"
"6428";"https://www.eliteprospects.com/player/6428/jussi-makkonen"
"16727";"https://www.eliteprospects.com/player/16727/johan-sundstrom"
"9789";"https://www.eliteprospects.com/player/9789/jonathan-johansson"
"10714";"https://www.eliteprospects.com/player/10714/johan-alm"
"6056";"https://www.eliteprospects.com/player/6056/sebastian-idoff"
"21724";"https://www.eliteprospects.com/player/21724/charlie-torstensson"
"12958";"https://www.eliteprospects.com/player/12958/henrik-lundberg"
"11573";"https://www.eliteprospects.com/player/11573/daniel-corso"
"10841";"https://www.eliteprospects.com/player/10841/laurent-meunier"
"11970";"https://www.eliteprospects.com/player/11970/petr-caslava"
"7078";"https://www.eliteprospects.com/player/7078/viktor-huss"
"3875";"https://www.eliteprospects.com/player/3875/patrik-nevalainen"
"10586";"https://www.eliteprospects.com/player/10586/sebastian-owuya"
"22189";"https://www.eliteprospects.com/player/22189/rickard-steijer"
"7401";"https://www.eliteprospects.com/player/7401/hannu-pikkarainen"
"10223";"https://www.eliteprospects.com/player/10223/josh-green"
"10176";"https://www.eliteprospects.com/player/10176/magnus-haggstrom"
"8610";"https://www.eliteprospects.com/player/8610/tomas-mojzis"
"17136";"https://www.eliteprospects.com/player/17136/kristian-forsberg"
"7510";"https://www.eliteprospects.com/player/7510/samuli-suhonen"
"11229";"https://www.eliteprospects.com/player/11229/henri-laurila"
"17160";"https://www.eliteprospects.com/player/17160/alexander-bonsaksen"
"13304";"https://www.eliteprospects.com/player/13304/eddie-larsson"
"6049";"https://www.eliteprospects.com/player/6049/daniel-magnusson"
"10135";"https://www.eliteprospects.com/player/10135/simon-hermansson"
"11945";"https://www.eliteprospects.com/player/11945/roman-malek"
"15501";"https://www.eliteprospects.com/player/15501/thomas-raffl"
"3679";"https://www.eliteprospects.com/player/3679/alexander-hellstrom"
"2643";"https://www.eliteprospects.com/player/2643/robin-andersson"
"9851";"https://www.eliteprospects.com/player/9851/jesper-dahlroth"
"13853";"https://www.eliteprospects.com/player/13853/paul-allan-bamberg"
"10397";"https://www.eliteprospects.com/player/10397/daniel-mannberg"
"19789";"https://www.eliteprospects.com/player/19789/joel-lassinantti"
"7798";"https://www.eliteprospects.com/player/7798/yanick-lehoux"
"10065";"https://www.eliteprospects.com/player/10065/tim-heed"
"11730";"https://www.eliteprospects.com/player/11730/ryan-glenn"
"16072";"https://www.eliteprospects.com/player/16072/julian-jakobsen"
"12879";"https://www.eliteprospects.com/player/12879/blaz-gregorc"
"6489";"https://www.eliteprospects.com/player/6489/thom-flodqvist"
"10062";"https://www.eliteprospects.com/player/10062/dennis-back"
"8442";"https://www.eliteprospects.com/player/8442/alexander-lagerstrom"
"10144";"https://www.eliteprospects.com/player/10144/sebastian-larsson"
"12603";"https://www.eliteprospects.com/player/12603/jonas-engstrom"
"7451";"https://www.eliteprospects.com/player/7451/riku-helenius"
"9466";"https://www.eliteprospects.com/player/9466/jeremy-colliton"
"9685";"https://www.eliteprospects.com/player/9685/ramzi-abid"
"3856";"https://www.eliteprospects.com/player/3856/daniel-rahimi"
"17979";"https://www.eliteprospects.com/player/17979/baptiste-amar"
"18000";"https://www.eliteprospects.com/player/18000/giulio-scandella"
"13549";"https://www.eliteprospects.com/player/13549/dennis-everberg"
"21449";"https://www.eliteprospects.com/player/21449/agust-carlsson"
"13069";"https://www.eliteprospects.com/player/13069/simon-glimhed"
"13177";"https://www.eliteprospects.com/player/13177/pontus-netterberg"
"11085";"https://www.eliteprospects.com/player/11085/sebastian-strandberg"
"11087";"https://www.eliteprospects.com/player/11087/jesper-thornberg"
"16804";"https://www.eliteprospects.com/player/16804/oscar-klefbom"
"10540";"https://www.eliteprospects.com/player/10540/niclas-edman"
"11137";"https://www.eliteprospects.com/player/11137/alexander-salak"
"7729";"https://www.eliteprospects.com/player/7729/jonas-sparring"
"5877";"https://www.eliteprospects.com/player/5877/mikko-lehtonen"
"7440";"https://www.eliteprospects.com/player/7440/ville-koistinen"
"6403";"https://www.eliteprospects.com/player/6403/marcus-hogstrom"
"10521";"https://www.eliteprospects.com/player/10521/marcus-wallmark"
"14024";"https://www.eliteprospects.com/player/14024/henrik-lundberg"
"27484";"https://www.eliteprospects.com/player/27484/viktor-arvidsson"
"14811";"https://www.eliteprospects.com/player/14811/joel-mustonen"
"1040";"https://www.eliteprospects.com/player/1040/elias-falth"
"3195";"https://www.eliteprospects.com/player/3195/joonas-vihko"
"7571";"https://www.eliteprospects.com/player/7571/vili-sopanen"
"17428";"https://www.eliteprospects.com/player/17428/konstantin-komarek"
"13008";"https://www.eliteprospects.com/player/13008/christian-nyman"
"17140";"https://www.eliteprospects.com/player/17140/lars-lokken-ostli"
"6054";"https://www.eliteprospects.com/player/6054/oskar-nilsson"
"20738";"https://www.eliteprospects.com/player/20738/viktor-ronnback"
"9852";"https://www.eliteprospects.com/player/9852/philip-kemi"
"16643";"https://www.eliteprospects.com/player/16643/ted-johansson"
"8957";"https://www.eliteprospects.com/player/8957/matt-murley"
"16772";"https://www.eliteprospects.com/player/16772/joachim-nermark"
"23856";"https://www.eliteprospects.com/player/23856/mika-zibanejad"
"12502";"https://www.eliteprospects.com/player/12502/stefan-lassen"
"14412";"https://www.eliteprospects.com/player/14412/fredrik-claesson"
"20065";"https://www.eliteprospects.com/player/20065/marcus-sorensen"
"16835";"https://www.eliteprospects.com/player/16835/pontus-aberg"
"10388";"https://www.eliteprospects.com/player/10388/fredric-weigel"
"11070";"https://www.eliteprospects.com/player/11070/philip-holm"
"17122";"https://www.eliteprospects.com/player/17122/marcus-due-boje"
"3735";"https://www.eliteprospects.com/player/3735/dale-clarke"
"9009";"https://www.eliteprospects.com/player/9009/johan-larsson"
"13161";"https://www.eliteprospects.com/player/13161/ludvig-rensfeldt"
"9818";"https://www.eliteprospects.com/player/9818/martin-hellgren"
"13160";"https://www.eliteprospects.com/player/13160/felix-eriksson"
"24983";"https://www.eliteprospects.com/player/24983/linus-froberg"
"10954";"https://www.eliteprospects.com/player/10954/thomas-greiss"
"15748";"https://www.eliteprospects.com/player/15748/oskar-ostlund"
"42373";"https://www.eliteprospects.com/player/42373/oscar-dansk"
"4526";"https://www.eliteprospects.com/player/4526/christian-sandberg"
"2301";"https://www.eliteprospects.com/player/2301/oscar-ahlstrom"
"2300";"https://www.eliteprospects.com/player/2300/victor-ahlstrom"
"4524";"https://www.eliteprospects.com/player/4524/daniel-bang"
"5513";"https://www.eliteprospects.com/player/5513/stefan-johansson"
"13397";"https://www.eliteprospects.com/player/13397/josh-macnevin"
"10383";"https://www.eliteprospects.com/player/10383/patrik-nemeth"
"7780";"https://www.eliteprospects.com/player/7780/fredrik-carlsson"
"8631";"https://www.eliteprospects.com/player/8631/richard-zednik"
"4676";"https://www.eliteprospects.com/player/4676/tobias-ericsson"
"14150";"https://www.eliteprospects.com/player/14150/eric-norin"
"13024";"https://www.eliteprospects.com/player/13024/henrik-nilsson"
"10707";"https://www.eliteprospects.com/player/10707/filip-olsson"
"13028";"https://www.eliteprospects.com/player/13028/patric-gozzi"
"3436";"https://www.eliteprospects.com/player/3436/mikael-osterberg"
"18332";"https://www.eliteprospects.com/player/18332/joakim-nordstrom"
"17104";"https://www.eliteprospects.com/player/17104/nicklas-heinero"
"12974";"https://www.eliteprospects.com/player/12974/joakim-ramsten"
"13026";"https://www.eliteprospects.com/player/13026/daniel-olsson-trkulja"
"18331";"https://www.eliteprospects.com/player/18331/mathias-franzen"
"5147";"https://www.eliteprospects.com/player/5147/viktor-fasth"
"1664";"https://www.eliteprospects.com/player/1664/vesa-toskala"
"25670";"https://www.eliteprospects.com/player/25670/niklas-lundstrom"
"3182";"https://www.eliteprospects.com/player/3182/toni-koivisto"
"21717";"https://www.eliteprospects.com/player/21717/john-klingberg"
"8877";"https://www.eliteprospects.com/player/8877/christoph-schubert"
"6048";"https://www.eliteprospects.com/player/6048/william-wallen"
"16726";"https://www.eliteprospects.com/player/16726/oliver-bohm"
"16217";"https://www.eliteprospects.com/player/16217/jannik-christensen"
"16836";"https://www.eliteprospects.com/player/16836/sebastian-collberg"
"21450";"https://www.eliteprospects.com/player/21450/robin-dahse"
"12967";"https://www.eliteprospects.com/player/12967/victor-backman"
"13300";"https://www.eliteprospects.com/player/13300/jonathan-saaf"
"3179";"https://www.eliteprospects.com/player/3179/kim-hirschovits"
"3230";"https://www.eliteprospects.com/player/3230/ilkka-pikkarainen"
"7594";"https://www.eliteprospects.com/player/7594/mika-viinanen"
"10979";"https://www.eliteprospects.com/player/10979/antti-halonen"
"2674";"https://www.eliteprospects.com/player/2674/mikko-jokela"
"8759";"https://www.eliteprospects.com/player/8759/jamie-lundmark"
"20775";"https://www.eliteprospects.com/player/20775/linus-werneman"
"22021";"https://www.eliteprospects.com/player/22021/jeremy-boyce"
"16998";"https://www.eliteprospects.com/player/16998/douglas-logdal"
"14472";"https://www.eliteprospects.com/player/14472/patrik-edlund"
"20829";"https://www.eliteprospects.com/player/20829/pontus-johansson"
"10719";"https://www.eliteprospects.com/player/10719/paul-eriksson"
"7492";"https://www.eliteprospects.com/player/7492/aleksis-ahlqvist"
"13553";"https://www.eliteprospects.com/player/13553/fredrik-pettersson-wentzel"
"12382";"https://www.eliteprospects.com/player/12382/ryan-lasch"
"3198";"https://www.eliteprospects.com/player/3198/mikko-kalteva"
"7410";"https://www.eliteprospects.com/player/7410/timo-seppanen"
"7525";"https://www.eliteprospects.com/player/7525/pekka-saarenheimo"
"20058";"https://www.eliteprospects.com/player/20058/viktor-loov"
"19658";"https://www.eliteprospects.com/player/19658/alexander-ytterell"
"4520";"https://www.eliteprospects.com/player/4520/byron-ritchie"
"5738";"https://www.eliteprospects.com/player/5738/robert-rosen"
"3841";"https://www.eliteprospects.com/player/3841/anton-hedman"
"10413";"https://www.eliteprospects.com/player/10413/charlie-cook"
"3214";"https://www.eliteprospects.com/player/3214/ole-kristian-tollefsen"
"13079";"https://www.eliteprospects.com/player/13079/anton-bystrom"
"13078";"https://www.eliteprospects.com/player/13078/john-westin"
"27493";"https://www.eliteprospects.com/player/27493/ludwig-bystrom"
"27945";"https://www.eliteprospects.com/player/27945/sondre-olden"
"10133";"https://www.eliteprospects.com/player/10133/andreas-forsstrom"
"15213";"https://www.eliteprospects.com/player/15213/jesper-olofsson"
"13804";"https://www.eliteprospects.com/player/13804/isak-ahrling"
"4635";"https://www.eliteprospects.com/player/4635/mathias-trygg"
"6427";"https://www.eliteprospects.com/player/6427/tuomas-tarkki"
"4681";"https://www.eliteprospects.com/player/4681/sami-sandell"
"7583";"https://www.eliteprospects.com/player/7583/ville-viitaluoma"
"2372";"https://www.eliteprospects.com/player/2372/mattias-persson"
"13319";"https://www.eliteprospects.com/player/13319/daniel-gunnarsson"
"24848";"https://www.eliteprospects.com/player/24848/damien-fleury"
"40607";"https://www.eliteprospects.com/player/40607/marcus-fagerudd"
"19799";"https://www.eliteprospects.com/player/19799/henri-snall"
"66177";"https://www.eliteprospects.com/player/66177/dean-kukan"
"33668";"https://www.eliteprospects.com/player/33668/michael-haga"
"15752";"https://www.eliteprospects.com/player/15752/marcus-sandstrom"
"4973";"https://www.eliteprospects.com/player/4973/alexander-berg"
"11620";"https://www.eliteprospects.com/player/11620/bud-holloway"
"5504";"https://www.eliteprospects.com/player/5504/oscar-moller"
"39021";"https://www.eliteprospects.com/player/39021/arvid-lundberg"
"39019";"https://www.eliteprospects.com/player/39019/anton-lindholm"
"7059";"https://www.eliteprospects.com/player/7059/sam-marklund"
"19800";"https://www.eliteprospects.com/player/19800/oskar-fredriksson"
"16774";"https://www.eliteprospects.com/player/16774/stefan-steen"
"4218";"https://www.eliteprospects.com/player/4218/jesse-joensuu"
"10323";"https://www.eliteprospects.com/player/10323/noah-welch"
"11959";"https://www.eliteprospects.com/player/11959/tommy-kristiansen"
"14990";"https://www.eliteprospects.com/player/14990/sebastian-dyk"
"11091";"https://www.eliteprospects.com/player/11091/viktor-naslund"
"16821";"https://www.eliteprospects.com/player/16821/oskar-back"
"38386";"https://www.eliteprospects.com/player/38386/oscar-engsund"
"15919";"https://www.eliteprospects.com/player/15919/julius-selle-larsson"
"12856";"https://www.eliteprospects.com/player/12856/jonathan-tholander"
"33366";"https://www.eliteprospects.com/player/33366/viktor-kokman"
"15125";"https://www.eliteprospects.com/player/15125/ryan-gunderson"
"22269";"https://www.eliteprospects.com/player/22269/emil-molin"
"33201";"https://www.eliteprospects.com/player/33201/christian-djoos"
"33387";"https://www.eliteprospects.com/player/33387/elias-lindholm"
"12689";"https://www.eliteprospects.com/player/12689/patrick-von-gunten"
"1708";"https://www.eliteprospects.com/player/1708/christoffer-persson"
"18116";"https://www.eliteprospects.com/player/18116/mats-rosseli-olsen"
"16790";"https://www.eliteprospects.com/player/16790/villiam-haag"
"13163";"https://www.eliteprospects.com/player/13163/philip-martinsson"
"16965";"https://www.eliteprospects.com/player/16965/otto-jaksch"
"21816";"https://www.eliteprospects.com/player/21816/jonathan-johnson"
"13179";"https://www.eliteprospects.com/player/13179/kristoffer-wikner"
"19758";"https://www.eliteprospects.com/player/19758/patrik-naslund"
"15205";"https://www.eliteprospects.com/player/15205/frederik-andersen"
"13297";"https://www.eliteprospects.com/player/13297/magnus-hellberg"
"8387";"https://www.eliteprospects.com/player/8387/linus-fernstrom"
"14086";"https://www.eliteprospects.com/player/14086/stefan-meyer"
"27258";"https://www.eliteprospects.com/player/27258/max-gortz"
"5702";"https://www.eliteprospects.com/player/5702/johan-larsson"
"6929";"https://www.eliteprospects.com/player/6929/daniel-bertov"
"40933";"https://www.eliteprospects.com/player/40933/viktor-scherrieble"
"85312";"https://www.eliteprospects.com/player/85312/luca-boltshauser"
"28943";"https://www.eliteprospects.com/player/28943/david-lilliestrom-karlsson"
"7046";"https://www.eliteprospects.com/player/7046/christopher-aspeqvist"
"16630";"https://www.eliteprospects.com/player/16630/joakim-thelin"
"13025";"https://www.eliteprospects.com/player/13025/andreas-dahlstrom"
"22040";"https://www.eliteprospects.com/player/22040/filip-windlert"
"18337";"https://www.eliteprospects.com/player/18337/oskar-lindstedt"
"16629";"https://www.eliteprospects.com/player/16629/mattias-janmark"
"1746";"https://www.eliteprospects.com/player/1746/markus-svensson"
"23680";"https://www.eliteprospects.com/player/23680/mans-johansson"
"8876";"https://www.eliteprospects.com/player/8876/rob-schremp"
"9718";"https://www.eliteprospects.com/player/9718/thomas-pock"
"8837";"https://www.eliteprospects.com/player/8837/freddy-meyer"
"7452";"https://www.eliteprospects.com/player/7452/joonas-lehtivuori"
"14416";"https://www.eliteprospects.com/player/14416/janos-hari"
"9231";"https://www.eliteprospects.com/player/9231/petr-kalus"
"8539";"https://www.eliteprospects.com/player/8539/brett-skinner"
"33217";"https://www.eliteprospects.com/player/33217/henrik-samuelsson"
"32070";"https://www.eliteprospects.com/player/32070/erik-nystrom"
"26019";"https://www.eliteprospects.com/player/26019/gustav-possler"
"20051";"https://www.eliteprospects.com/player/20051/mans-kruger"
"5413";"https://www.eliteprospects.com/player/5413/karl-johan-lundstrom"
"16808";"https://www.eliteprospects.com/player/16808/marcus-bohman"
"15830";"https://www.eliteprospects.com/player/15830/anton-forsberg"
"19760";"https://www.eliteprospects.com/player/19760/linus-ullmark"
"5695";"https://www.eliteprospects.com/player/5695/maciej-szwoch"
"10622";"https://www.eliteprospects.com/player/10622/mike-iggulden"
"7546";"https://www.eliteprospects.com/player/7546/ilkka-heikkinen"
"9496";"https://www.eliteprospects.com/player/9496/liam-reddox"
"11436";"https://www.eliteprospects.com/player/11436/josh-soares"
"8467";"https://www.eliteprospects.com/player/8467/steve-saviano"
"9985";"https://www.eliteprospects.com/player/9985/dennis-rasmussen"
"4343";"https://www.eliteprospects.com/player/4343/gustav-hjalmarsson"
"6907";"https://www.eliteprospects.com/player/6907/bjorn-karlsson"
"5750";"https://www.eliteprospects.com/player/5750/erik-josefsson"
"2458";"https://www.eliteprospects.com/player/2458/anders-eriksson"
"10516";"https://www.eliteprospects.com/player/10516/nils-andersson"
"890";"https://www.eliteprospects.com/player/890/johan-markusson"
"9938";"https://www.eliteprospects.com/player/9938/mikael-eriksson"
"11485";"https://www.eliteprospects.com/player/11485/karel-pilar"
"11772";"https://www.eliteprospects.com/player/11772/peter-olvecky"
"2030";"https://www.eliteprospects.com/player/2030/jeremias-augustin"
"17905";"https://www.eliteprospects.com/player/17905/tomas-netik"
"3570";"https://www.eliteprospects.com/player/3570/tom-linder"
"12950";"https://www.eliteprospects.com/player/12950/tobias-stallborn"
"9500";"https://www.eliteprospects.com/player/9500/jan-urbas"
"32647";"https://www.eliteprospects.com/player/32647/sebastian-nilsson"
"931";"https://www.eliteprospects.com/player/931/marcus-johansson"
"2376";"https://www.eliteprospects.com/player/2376/oscar-alsenfelt"
"37011";"https://www.eliteprospects.com/player/37011/andreas-horberg"
"4990";"https://www.eliteprospects.com/player/4990/johannes-jonsson"
"10234";"https://www.eliteprospects.com/player/10234/mark-hartigan"
"23547";"https://www.eliteprospects.com/player/23547/jonatan-nielsen"
"15022";"https://www.eliteprospects.com/player/15022/victor-jigmalm"
"20257";"https://www.eliteprospects.com/player/20257/christopher-fish"
"22263";"https://www.eliteprospects.com/player/22263/claes-norden"
"15372";"https://www.eliteprospects.com/player/15372/erik-gustafsson"
"21651";"https://www.eliteprospects.com/player/21651/ludwig-blomstrand"
"37041";"https://www.eliteprospects.com/player/37041/alexander-wennberg"
"18341";"https://www.eliteprospects.com/player/18341/alexander-falk"
"17105";"https://www.eliteprospects.com/player/17105/sebastian-persson"
"33350";"https://www.eliteprospects.com/player/33350/linus-arnesson"
"11450";"https://www.eliteprospects.com/player/11450/tyler-plante"
"34096";"https://www.eliteprospects.com/player/34096/mat-robinson"
"22788";"https://www.eliteprospects.com/player/22788/petr-vampola"
"13766";"https://www.eliteprospects.com/player/13766/max-friberg"
"9251";"https://www.eliteprospects.com/player/9251/vladimir-mihalik"
"27471";"https://www.eliteprospects.com/player/27471/daniel-ohrn"
"22203";"https://www.eliteprospects.com/player/22203/joel-ostman"
"27461";"https://www.eliteprospects.com/player/27461/anton-wedin"
"38726";"https://www.eliteprospects.com/player/38726/sebastian-andersson"
"4342";"https://www.eliteprospects.com/player/4342/ryan-vesce"
"41621";"https://www.eliteprospects.com/player/41621/oskar-sundqvist"
"67208";"https://www.eliteprospects.com/player/67208/sebastian-aho"
"16820";"https://www.eliteprospects.com/player/16820/jesper-johansson"
"39022";"https://www.eliteprospects.com/player/39022/lucas-wallmark"
"19782";"https://www.eliteprospects.com/player/19782/sebastian-selin"
"14002";"https://www.eliteprospects.com/player/14002/chris-lee"
"9895";"https://www.eliteprospects.com/player/9895/ville-lajunen"
"15676";"https://www.eliteprospects.com/player/15676/jack-connolly"
"25858";"https://www.eliteprospects.com/player/25858/joakim-nygard"
"30181";"https://www.eliteprospects.com/player/30181/calle-andersson"
"38745";"https://www.eliteprospects.com/player/38745/wilhelm-westlund"
"26483";"https://www.eliteprospects.com/player/26483/david-rundqvist"
"33361";"https://www.eliteprospects.com/player/33361/simon-fredriksson"
"27255";"https://www.eliteprospects.com/player/27255/jesper-appel"
"25919";"https://www.eliteprospects.com/player/25919/johan-olofsson"
"5878";"https://www.eliteprospects.com/player/5878/niklas-fogstrom"
"153203";"https://www.eliteprospects.com/player/153203/peter-cehlarik"
"4257";"https://www.eliteprospects.com/player/4257/robin-jacobsson"
"86334";"https://www.eliteprospects.com/player/86334/markus-magnusson"
"20754";"https://www.eliteprospects.com/player/20754/raymond-bamberg"
"27482";"https://www.eliteprospects.com/player/27482/gustaf-burstrom"
"27059";"https://www.eliteprospects.com/player/27059/johan-porsberger"
"19832";"https://www.eliteprospects.com/player/19832/marcus-oskarsson"
"43804";"https://www.eliteprospects.com/player/43804/samuel-ward"
"9315";"https://www.eliteprospects.com/player/9315/rhett-rakhshani"
"19432";"https://www.eliteprospects.com/player/19432/william-karlsson"
"16796";"https://www.eliteprospects.com/player/16796/anton-bengtsson"
"10631";"https://www.eliteprospects.com/player/10631/dan-spang"
"33931";"https://www.eliteprospects.com/player/33931/filip-sandberg"
"27784";"https://www.eliteprospects.com/player/27784/rasmus-djerf"
"32645";"https://www.eliteprospects.com/player/32645/simon-petersson"
"37029";"https://www.eliteprospects.com/player/37029/max-ornskog"
"16813";"https://www.eliteprospects.com/player/16813/johan-johnsson"
"11761";"https://www.eliteprospects.com/player/11761/eric-himelfarb"
"28988";"https://www.eliteprospects.com/player/28988/jesper-pettersson"
"13136";"https://www.eliteprospects.com/player/13136/bobbo-petersson"
"32639";"https://www.eliteprospects.com/player/32639/victor-crus-rydberg"
"21650";"https://www.eliteprospects.com/player/21650/jesper-bargard"
"29050";"https://www.eliteprospects.com/player/29050/anton-brehmer"
"29695";"https://www.eliteprospects.com/player/29695/anton-karlsson"
"101250";"https://www.eliteprospects.com/player/101250/jakub-vrana"
"37047";"https://www.eliteprospects.com/player/37047/marcus-fornell"
"29074";"https://www.eliteprospects.com/player/29074/marcus-hogberg"
"36985";"https://www.eliteprospects.com/player/36985/jacob-johansson"
"12571";"https://www.eliteprospects.com/player/12571/matt-duchene"
"4202";"https://www.eliteprospects.com/player/4202/viktor-stalberg"
"9514";"https://www.eliteprospects.com/player/9514/brendan-bell"
"11735";"https://www.eliteprospects.com/player/11735/doug-lynch"
"33357";"https://www.eliteprospects.com/player/33357/gustav-rydahl"
"43991";"https://www.eliteprospects.com/player/43991/andreas-johnsson"
"37054";"https://www.eliteprospects.com/player/37054/simon-fernholm"
"27256";"https://www.eliteprospects.com/player/27256/tommi-juntunen"
"33395";"https://www.eliteprospects.com/player/33395/erik-karlsson"
"43983";"https://www.eliteprospects.com/player/43983/mathias-israelsson"
"15184";"https://www.eliteprospects.com/player/15184/julius-hudacek"
"16205";"https://www.eliteprospects.com/player/16205/patrick-galbraith"
"146833";"https://www.eliteprospects.com/player/146833/hugo-fagerblom"
"8906";"https://www.eliteprospects.com/player/8906/richie-regehr"
"10405";"https://www.eliteprospects.com/player/10405/kyle-cumiskey"
"11575";"https://www.eliteprospects.com/player/11575/dave-spina"
"9275";"https://www.eliteprospects.com/player/9275/marcel-muller"
"9915";"https://www.eliteprospects.com/player/9915/mikko-kousa"
"31524";"https://www.eliteprospects.com/player/31524/david-gunnarsson"
"28337";"https://www.eliteprospects.com/player/28337/christopher-bengtsson"
"9292";"https://www.eliteprospects.com/player/9292/tomas-marcinko"
"9645";"https://www.eliteprospects.com/player/9645/richard-stehlik"
"27397";"https://www.eliteprospects.com/player/27397/robert-hagg"
"38886";"https://www.eliteprospects.com/player/38886/victor-ohman"
"33367";"https://www.eliteprospects.com/player/33367/albin-carlson"
"16833";"https://www.eliteprospects.com/player/16833/edwin-hedberg"
"15500";"https://www.eliteprospects.com/player/15500/bernhard-starkbaum"
"10431";"https://www.eliteprospects.com/player/10431/cody-franson"
"22267";"https://www.eliteprospects.com/player/22267/alexander-lindgren"
"32815";"https://www.eliteprospects.com/player/32815/adam-bergqvist"
"22268";"https://www.eliteprospects.com/player/22268/johan-eriksson"
"36613";"https://www.eliteprospects.com/player/36613/carl-johan-meyer"
"21828";"https://www.eliteprospects.com/player/21828/daniel-ljunggren"
"33209";"https://www.eliteprospects.com/player/33209/emil-larsson"
"118177";"https://www.eliteprospects.com/player/118177/mattias-norstebo"
"38934";"https://www.eliteprospects.com/player/38934/anton-hedberg"
"86174";"https://www.eliteprospects.com/player/86174/jonas-johansson"
"34071";"https://www.eliteprospects.com/player/34071/broc-little"
"32422";"https://www.eliteprospects.com/player/32422/nicklas-jensen"
"535";"https://www.eliteprospects.com/player/535/andreas-frisk"
"32993";"https://www.eliteprospects.com/player/32993/edgars-cgojevs"
"33378";"https://www.eliteprospects.com/player/33378/jonathan-andersson"
"85693";"https://www.eliteprospects.com/player/85693/robin-kovacs"
"37048";"https://www.eliteprospects.com/player/37048/michael-lindqvist"
"28956";"https://www.eliteprospects.com/player/28956/christoffer-gozzi"
"39874";"https://www.eliteprospects.com/player/39874/dennis-nordstrom"
"18346";"https://www.eliteprospects.com/player/18346/rasmus-holmen"
"6750";"https://www.eliteprospects.com/player/6750/alexander-hamberg"
"7697";"https://www.eliteprospects.com/player/7697/alexander-johansson"
"7918";"https://www.eliteprospects.com/player/7918/kalle-kaijomaa"
"5661";"https://www.eliteprospects.com/player/5661/niclas-lundgren"
"6555";"https://www.eliteprospects.com/player/6555/david-aslin"
"1070";"https://www.eliteprospects.com/player/1070/miikka-mannikko"
"16789";"https://www.eliteprospects.com/player/16789/pontus-gullden"
"9622";"https://www.eliteprospects.com/player/9622/radek-smolenak"
"38737";"https://www.eliteprospects.com/player/38737/adam-bergendahl"
"34090";"https://www.eliteprospects.com/player/34090/tommy-stenqvist"
"27473";"https://www.eliteprospects.com/player/27473/mattias-saari"
"25878";"https://www.eliteprospects.com/player/25878/mattias-thunman-halldahl"
"27331";"https://www.eliteprospects.com/player/27331/emil-pettersson"
"67174";"https://www.eliteprospects.com/player/67174/ludvig-nilsson"
"85683";"https://www.eliteprospects.com/player/85683/andreas-borgman"
"12846";"https://www.eliteprospects.com/player/12846/daniel-bellissimo"
"85681";"https://www.eliteprospects.com/player/85681/johan-lantz"
"3200";"https://www.eliteprospects.com/player/3200/juhamatti-aaltonen"
"20962";"https://www.eliteprospects.com/player/20962/alexander-barta"
"8662";"https://www.eliteprospects.com/player/8662/tom-preissing"
"16082";"https://www.eliteprospects.com/player/16082/jesper-jensen-aabo"
"2717";"https://www.eliteprospects.com/player/2717/lasse-kukkonen"
"21452";"https://www.eliteprospects.com/player/21452/alexander-lindqvist-hansen"
"13540";"https://www.eliteprospects.com/player/13540/victor-panelin-borg"
"39009";"https://www.eliteprospects.com/player/39009/daniel-zaar"
"4489";"https://www.eliteprospects.com/player/4489/nils-bergstrom"
"21467";"https://www.eliteprospects.com/player/21467/daniel-sylwander"
"15972";"https://www.eliteprospects.com/player/15972/ziga-pavlin"
"16800";"https://www.eliteprospects.com/player/16800/jakob-lilja"
"34883";"https://www.eliteprospects.com/player/34883/tobias-tornkvist"
"28048";"https://www.eliteprospects.com/player/28048/anton-santesson"
"32417";"https://www.eliteprospects.com/player/32417/thomas-spelling"
"86135";"https://www.eliteprospects.com/player/86135/niklas-hansson"
"38743";"https://www.eliteprospects.com/player/38743/anton-cederholm"
"14776";"https://www.eliteprospects.com/player/14776/ludvig-engsund"
"33497";"https://www.eliteprospects.com/player/33497/alexander-selin"
"39015";"https://www.eliteprospects.com/player/39015/anton-ohman"
"39023";"https://www.eliteprospects.com/player/39023/patrik-enberg"
"86320";"https://www.eliteprospects.com/player/86320/axel-holmstrom"
"6870";"https://www.eliteprospects.com/player/6870/stefan-warg"
"39026";"https://www.eliteprospects.com/player/39026/henrik-marklund"
"86321";"https://www.eliteprospects.com/player/86321/marcus-pettersson"
"7087";"https://www.eliteprospects.com/player/7087/erik-hanses"
"36573";"https://www.eliteprospects.com/player/36573/johan-kallio"
"9491";"https://www.eliteprospects.com/player/9491/evan-mcgrath"
"28992";"https://www.eliteprospects.com/player/28992/mikael-wikstrand"
"20013";"https://www.eliteprospects.com/player/20013/emil-djuse"
"67179";"https://www.eliteprospects.com/player/67179/anton-blidh"
"33189";"https://www.eliteprospects.com/player/33189/tom-nilsson"
"43993";"https://www.eliteprospects.com/player/43993/pontus-widerstrom"
"146825";"https://www.eliteprospects.com/player/146825/kevin-elgestal"
"43992";"https://www.eliteprospects.com/player/43992/robin-soderqvist"
"73397";"https://www.eliteprospects.com/player/73397/markus-soberg"
"38929";"https://www.eliteprospects.com/player/38929/julius-bergman"
"115020";"https://www.eliteprospects.com/player/115020/christoffer-ehn"
"46375";"https://www.eliteprospects.com/player/46375/fredrik-bergvik"
"3583";"https://www.eliteprospects.com/player/3583/cory-murphy"
"15653";"https://www.eliteprospects.com/player/15653/jani-lajunen"
"9067";"https://www.eliteprospects.com/player/9067/colby-armstrong"
"7409";"https://www.eliteprospects.com/player/7409/ville-varakas"
"33935";"https://www.eliteprospects.com/player/33935/malte-stromwall"
"46384";"https://www.eliteprospects.com/player/46384/mikael-johansson"
"106455";"https://www.eliteprospects.com/player/106455/adam-bystrom-johansson"
"8958";"https://www.eliteprospects.com/player/8958/scott-munroe"
"34212";"https://www.eliteprospects.com/player/34212/viktor-andren"
"15395";"https://www.eliteprospects.com/player/15395/greg-scott"
"9322";"https://www.eliteprospects.com/player/9322/bill-sweatt"
"4128";"https://www.eliteprospects.com/player/4128/petteri-nokelainen"
"33214";"https://www.eliteprospects.com/player/33214/nicklas-strid"
"38747";"https://www.eliteprospects.com/player/38747/adam-brodecki"
"67162";"https://www.eliteprospects.com/player/67162/david-westlund"
"86181";"https://www.eliteprospects.com/player/86181/oskar-lindblom"
"6609";"https://www.eliteprospects.com/player/6609/victor-rollin-carlsson"
"38945";"https://www.eliteprospects.com/player/38945/jonathan-bjorklund"
"22577";"https://www.eliteprospects.com/player/22577/milan-gulas"
"56035";"https://www.eliteprospects.com/player/56035/tomas-hyka"
"10048";"https://www.eliteprospects.com/player/10048/niklas-arell"
"40860";"https://www.eliteprospects.com/player/40860/christoffer-forsberg"
"9470";"https://www.eliteprospects.com/player/9470/shawn-belle"
"142238";"https://www.eliteprospects.com/player/142238/oliver-kylington"
"32965";"https://www.eliteprospects.com/player/32965/charles-bertrand"
"10625";"https://www.eliteprospects.com/player/10625/garrett-stafford"
"11022";"https://www.eliteprospects.com/player/11022/david-liffiton"
"33001";"https://www.eliteprospects.com/player/33001/julius-persson"
"98442";"https://www.eliteprospects.com/player/98442/oscar-niklasson"
"11320";"https://www.eliteprospects.com/player/11320/devin-didiomete"
"14833";"https://www.eliteprospects.com/player/14833/danny-taylor"
"7600";"https://www.eliteprospects.com/player/7600/pekka-tuokkola"
"3690";"https://www.eliteprospects.com/player/3690/andreas-hjelm"
"4126";"https://www.eliteprospects.com/player/4126/vyacheslav-trukhno"
"17002";"https://www.eliteprospects.com/player/17002/lars-bryggman"
"4726";"https://www.eliteprospects.com/player/4726/olov-lundqvist"
"39016";"https://www.eliteprospects.com/player/39016/jens-hogbom"
"86331";"https://www.eliteprospects.com/player/86331/david-selberg"
"13795";"https://www.eliteprospects.com/player/13795/kim-lilja"
"86341";"https://www.eliteprospects.com/player/86341/anthon-eriksson"
"38124";"https://www.eliteprospects.com/player/38124/kevin-kapstad"
"28436";"https://www.eliteprospects.com/player/28436/jacob-de-la-rose"
"2381";"https://www.eliteprospects.com/player/2381/par-edblom"
"11056";"https://www.eliteprospects.com/player/11056/ryan-russell"
"22034";"https://www.eliteprospects.com/player/22034/jon-knuts"
"15568";"https://www.eliteprospects.com/player/15568/matt-fornataro"
"27259";"https://www.eliteprospects.com/player/27259/fredrik-handemark"
"10302";"https://www.eliteprospects.com/player/10302/matt-lashoff"
"29629";"https://www.eliteprospects.com/player/29629/martin-gronberg"
"7446";"https://www.eliteprospects.com/player/7446/joonas-ronnberg"
"22497";"https://www.eliteprospects.com/player/22497/mattias-nilsson"
"29611";"https://www.eliteprospects.com/player/29611/almen-bibic"
"34087";"https://www.eliteprospects.com/player/34087/tor-immo"
"21803";"https://www.eliteprospects.com/player/21803/david-suvanto"
"38901";"https://www.eliteprospects.com/player/38901/sebastian-fakt"
"99859";"https://www.eliteprospects.com/player/99859/fredrik-forsberg"
"33101";"https://www.eliteprospects.com/player/33101/simon-erlandsson"
"29609";"https://www.eliteprospects.com/player/29609/henrik-hjerpe"
"9509";"https://www.eliteprospects.com/player/9509/jeff-tambellini"
"9410";"https://www.eliteprospects.com/player/9410/t.j.-hensick"
"86313";"https://www.eliteprospects.com/player/86313/adrian-kempe"
"19427";"https://www.eliteprospects.com/player/19427/kirill-kabanov"
"38703";"https://www.eliteprospects.com/player/38703/william-nylander"
"7556";"https://www.eliteprospects.com/player/7556/anssi-salmela"
"115161";"https://www.eliteprospects.com/player/115161/dmytro-timashov"
"86197";"https://www.eliteprospects.com/player/86197/daniel-muzito-bagenda"
"86307";"https://www.eliteprospects.com/player/86307/fabian-norberg"
"67228";"https://www.eliteprospects.com/player/67228/robin-bystrom"
"11562";"https://www.eliteprospects.com/player/11562/jekabs-redlihs"
"12051";"https://www.eliteprospects.com/player/12051/sean-sullivan"
"86308";"https://www.eliteprospects.com/player/86308/victor-olofsson"
"9432";"https://www.eliteprospects.com/player/9432/chad-kolarik"
"14423";"https://www.eliteprospects.com/player/14423/mark-matheson"
"85666";"https://www.eliteprospects.com/player/85666/carl-dahlstrom"
"5020";"https://www.eliteprospects.com/player/5020/joakim-hagelin"
"44079";"https://www.eliteprospects.com/player/44079/anton-blomberg"
"107560";"https://www.eliteprospects.com/player/107560/jesper-akerman"
"82521";"https://www.eliteprospects.com/player/82521/oliver-kallbom"
"7555";"https://www.eliteprospects.com/player/7555/iiro-tarkki"
"16035";"https://www.eliteprospects.com/player/16035/toni-rajala"
"10880";"https://www.eliteprospects.com/player/10880/erik-christensen"
"11059";"https://www.eliteprospects.com/player/11059/riley-holzapfel"
"9408";"https://www.eliteprospects.com/player/9408/brett-sterling"
"87971";"https://www.eliteprospects.com/player/87971/kevin-fiala"
"9106";"https://www.eliteprospects.com/player/9106/chris-campoli"
"84938";"https://www.eliteprospects.com/player/84938/lawrence-pilut"
"11054";"https://www.eliteprospects.com/player/11054/kyle-beach"
"9498";"https://www.eliteprospects.com/player/9498/aaron-gagnon"
"34229";"https://www.eliteprospects.com/player/34229/erik-andersson"
"67195";"https://www.eliteprospects.com/player/67195/axel-eidstedt"
"37031";"https://www.eliteprospects.com/player/37031/victor-romfors"
"33719";"https://www.eliteprospects.com/player/33719/joel-kellman"
"162177";"https://www.eliteprospects.com/player/162177/filip-ahl"
"44054";"https://www.eliteprospects.com/player/44054/jimmie-jansson-lorek"
"43989";"https://www.eliteprospects.com/player/43989/rasmus-strindo"
"86358";"https://www.eliteprospects.com/player/86358/gustaf-franzen"
"37025";"https://www.eliteprospects.com/player/37025/christoffer-torngren"
"9409";"https://www.eliteprospects.com/player/9409/tim-wallace"
"9521";"https://www.eliteprospects.com/player/9521/jared-aulin"
"4283";"https://www.eliteprospects.com/player/4283/marko-anttila"
"810";"https://www.eliteprospects.com/player/810/henrik-lowdahl"
"10986";"https://www.eliteprospects.com/player/10986/ben-walter"
"1252";"https://www.eliteprospects.com/player/1252/conny-stromberg"
"13844";"https://www.eliteprospects.com/player/13844/justin-dibenedetto"
"12845";"https://www.eliteprospects.com/player/12845/nick-plastino"
"9277";"https://www.eliteprospects.com/player/9277/robin-dahlstrom"
"15136";"https://www.eliteprospects.com/player/15136/jere-sallinen"
"624";"https://www.eliteprospects.com/player/624/jonas-karlsson"
"8768";"https://www.eliteprospects.com/player/8768/brian-willsie"
"86210";"https://www.eliteprospects.com/player/86210/filip-bergmark"
"130739";"https://www.eliteprospects.com/player/130739/lukas-vopelka"
"32195";"https://www.eliteprospects.com/player/32195/gustav-backstrom"
"35649";"https://www.eliteprospects.com/player/35649/carl-asell"
"7799";"https://www.eliteprospects.com/player/7799/teemu-ramstedt"
"13471";"https://www.eliteprospects.com/player/13471/mark-hurtubise"
"11392";"https://www.eliteprospects.com/player/11392/derek-joslin"
"16958";"https://www.eliteprospects.com/player/16958/marcus-nilsson"
"10406";"https://www.eliteprospects.com/player/10406/brett-carson"
"19767";"https://www.eliteprospects.com/player/19767/theodor-lennstrom"
"11116";"https://www.eliteprospects.com/player/11116/akim-aliu"
"10380";"https://www.eliteprospects.com/player/10380/martin-karlsson"
"34107";"https://www.eliteprospects.com/player/34107/jacob-spangberg"
"36622";"https://www.eliteprospects.com/player/36622/victor-ekarv"
"12548";"https://www.eliteprospects.com/player/12548/guntis-galvins"
"10991";"https://www.eliteprospects.com/player/10991/carsen-germyn"
"693";"https://www.eliteprospects.com/player/693/michael-nylander"
"11348";"https://www.eliteprospects.com/player/11348/jordan-hendry"
"34098";"https://www.eliteprospects.com/player/34098/fredric-anderberg"
"88843";"https://www.eliteprospects.com/player/88843/marcus-karlstrom"
"61775";"https://www.eliteprospects.com/player/61775/johan-sellerstrand"
"5704";"https://www.eliteprospects.com/player/5704/per-svensson"
"37045";"https://www.eliteprospects.com/player/37045/henrik-rommel"
"40211";"https://www.eliteprospects.com/player/40211/andrew-calof"
"4285";"https://www.eliteprospects.com/player/4285/janne-pesonen"
"33472";"https://www.eliteprospects.com/player/33472/nick-sorensen"
"187813";"https://www.eliteprospects.com/player/187813/sebastian-ohlsson"
"88845";"https://www.eliteprospects.com/player/88845/anton-karlsson"
"185257";"https://www.eliteprospects.com/player/185257/andreas-wingerli"
"147733";"https://www.eliteprospects.com/player/147733/adam-thilander"
"39014";"https://www.eliteprospects.com/player/39014/jacob-andersson"
"39020";"https://www.eliteprospects.com/player/39020/elias-edstrom"
"147267";"https://www.eliteprospects.com/player/147267/jesper-eriksson"
"43584";"https://www.eliteprospects.com/player/43584/artturi-lehkonen"
"147719";"https://www.eliteprospects.com/player/147719/jacob-larsson"
"20722";"https://www.eliteprospects.com/player/20722/luke-moffatt"
"9703";"https://www.eliteprospects.com/player/9703/sebastian-stalberg"
"146820";"https://www.eliteprospects.com/player/146820/john-nyberg"
"67165";"https://www.eliteprospects.com/player/67165/lukas-bengtsson"
"146819";"https://www.eliteprospects.com/player/146819/kim-roussakoff"
"212533";"https://www.eliteprospects.com/player/212533/jakob-marshall-olsson"
"86068";"https://www.eliteprospects.com/player/86068/nils-lagerlof"
"147720";"https://www.eliteprospects.com/player/147720/pierre-engvall"
"212530";"https://www.eliteprospects.com/player/212530/john-dahlstrom"
"17765";"https://www.eliteprospects.com/player/17765/nick-johnson"
"7505";"https://www.eliteprospects.com/player/7505/tuomas-kiiskinen"
"10420";"https://www.eliteprospects.com/player/10420/josh-hennessy"
"4417";"https://www.eliteprospects.com/player/4417/teemu-laakso"
"21459";"https://www.eliteprospects.com/player/21459/eric-martinsson"
"37021";"https://www.eliteprospects.com/player/37021/calle-rosen"
"180201";"https://www.eliteprospects.com/player/180201/albin-storm"
"159455";"https://www.eliteprospects.com/player/159455/thomas-lillie"
"9385";"https://www.eliteprospects.com/player/9385/jeff-taffe"
"12031";"https://www.eliteprospects.com/player/12031/jacob-micflikier"
"15201";"https://www.eliteprospects.com/player/15201/nichlas-hardt"
"86366";"https://www.eliteprospects.com/player/86366/gustav-forsling"
"86363";"https://www.eliteprospects.com/player/86363/henrik-tornqvist"
"187919";"https://www.eliteprospects.com/player/187919/gabriel-carlsson"
"111641";"https://www.eliteprospects.com/player/111641/petter-hansson"
"86367";"https://www.eliteprospects.com/player/86367/mathias-karlsson"
"97138";"https://www.eliteprospects.com/player/97138/victor-lindman"
"86356";"https://www.eliteprospects.com/player/86356/daniel-hakansson"
"156081";"https://www.eliteprospects.com/player/156081/joren-van-pottelberghe"
"4554";"https://www.eliteprospects.com/player/4554/calle-ridderwall"
"3317";"https://www.eliteprospects.com/player/3317/jere-karalahti"
"142262";"https://www.eliteprospects.com/player/142262/kevin-stenlund"
"63012";"https://www.eliteprospects.com/player/63012/carl-persson"
"79498";"https://www.eliteprospects.com/player/79498/emil-johansson"
"22501";"https://www.eliteprospects.com/player/22501/simon-karlsson"
"38719";"https://www.eliteprospects.com/player/38719/daniel-norbe"
"61464";"https://www.eliteprospects.com/player/61464/kalle-hult"
"169012";"https://www.eliteprospects.com/player/169012/jacob-cederholm"
"6488";"https://www.eliteprospects.com/player/6488/adam-schoultz"
"67660";"https://www.eliteprospects.com/player/67660/derek-ryan"
"98156";"https://www.eliteprospects.com/player/98156/jakub-krejcik"
"4098";"https://www.eliteprospects.com/player/4098/johan-adolfsson"
"7951";"https://www.eliteprospects.com/player/7951/joonas-jalvanti"
"70391";"https://www.eliteprospects.com/player/70391/petr-zamorsky"
"172229";"https://www.eliteprospects.com/player/172229/pavol-skalicky"
"38863";"https://www.eliteprospects.com/player/38863/rasmus-fyrpihl"
"86213";"https://www.eliteprospects.com/player/86213/kalle-jellvert"
"167737";"https://www.eliteprospects.com/player/167737/daniel-marmenlind"
"11246";"https://www.eliteprospects.com/player/11246/shawn-lalonde"
"9609";"https://www.eliteprospects.com/player/9609/jakub-klepis"
"15595";"https://www.eliteprospects.com/player/15595/luciano-aquino"
"139633";"https://www.eliteprospects.com/player/139633/joel-eriksson-ek"
"8064";"https://www.eliteprospects.com/player/8064/tero-koskiranta"
"139616";"https://www.eliteprospects.com/player/139616/rasmus-asplund"
"29343";"https://www.eliteprospects.com/player/29343/victor-ejdsell"
"109931";"https://www.eliteprospects.com/player/109931/august-gunnarsson"
"89825";"https://www.eliteprospects.com/player/89825/tobias-sjokvist"
"86386";"https://www.eliteprospects.com/player/86386/martin-karlsson"
"86125";"https://www.eliteprospects.com/player/86125/jesper-alasaari"
"9202";"https://www.eliteprospects.com/player/9202/justin-pogge"
"147736";"https://www.eliteprospects.com/player/147736/adam-werner"
"16649";"https://www.eliteprospects.com/player/16649/kristian-nakyva"
"4279";"https://www.eliteprospects.com/player/4279/lennart-petrell"
"10450";"https://www.eliteprospects.com/player/10450/emil-sylvegard"
"9485";"https://www.eliteprospects.com/player/9485/jonathan-sigalet"
"38808";"https://www.eliteprospects.com/player/38808/chad-billins"
"166373";"https://www.eliteprospects.com/player/166373/christian-jaros"
"101902";"https://www.eliteprospects.com/player/101902/kristian-jensen"
"142261";"https://www.eliteprospects.com/player/142261/oscar-nord"
"193416";"https://www.eliteprospects.com/player/193416/jesper-ylivainio"
"147279";"https://www.eliteprospects.com/player/147279/einar-emanuelsson"
"212634";"https://www.eliteprospects.com/player/212634/anton-toolanen"
"7472";"https://www.eliteprospects.com/player/7472/niko-hovinen"
"212732";"https://www.eliteprospects.com/player/212732/filip-gustavsson"
"44211";"https://www.eliteprospects.com/player/44211/christoffer-rifalk"
"13329";"https://www.eliteprospects.com/player/13329/markus-ljungh"
"7554";"https://www.eliteprospects.com/player/7554/markus-nordlund"
"5599";"https://www.eliteprospects.com/player/5599/robin-alvarez"
"7054";"https://www.eliteprospects.com/player/7054/alexander-fallstrom"
"38721";"https://www.eliteprospects.com/player/38721/robin-norell"
"38823";"https://www.eliteprospects.com/player/38823/simon-gysbers"
"115148";"https://www.eliteprospects.com/player/115148/andreas-englund"
"22202";"https://www.eliteprospects.com/player/22202/emil-lundberg"
"13718";"https://www.eliteprospects.com/player/13718/tobias-hage"
"114812";"https://www.eliteprospects.com/player/114812/adam-ollas-mattsson"
"101806";"https://www.eliteprospects.com/player/101806/albin-lundin"
"142253";"https://www.eliteprospects.com/player/142253/daniel-bernhardt"
"142243";"https://www.eliteprospects.com/player/142243/lukas-vejdemo"
"142247";"https://www.eliteprospects.com/player/142247/robin-jensen"
"15753";"https://www.eliteprospects.com/player/15753/mantas-armalis"
"114810";"https://www.eliteprospects.com/player/114810/linus-soderstrom"
"13146";"https://www.eliteprospects.com/player/13146/pathrik-westerholm"
"13147";"https://www.eliteprospects.com/player/13147/ponthus-westerholm"
"146691";"https://www.eliteprospects.com/player/146691/jens-looke"
"212334";"https://www.eliteprospects.com/player/212334/lucas-carlsson"
"38953";"https://www.eliteprospects.com/player/38953/oscar-larsson"
"118779";"https://www.eliteprospects.com/player/118779/hampus-eriksson"
"178012";"https://www.eliteprospects.com/player/178012/philip-alftberg"
"86175";"https://www.eliteprospects.com/player/86175/adam-deutsch"
"146700";"https://www.eliteprospects.com/player/146700/linus-olund"
"62818";"https://www.eliteprospects.com/player/62818/marcus-lindblom"
"67161";"https://www.eliteprospects.com/player/67161/johannes-nilsson"
"146703";"https://www.eliteprospects.com/player/146703/felix-sandstrom"
"86127";"https://www.eliteprospects.com/player/86127/emil-kruse"
"176159";"https://www.eliteprospects.com/player/176159/john-morelius"
"11384";"https://www.eliteprospects.com/player/11384/tomi-sallinen"
"10160";"https://www.eliteprospects.com/player/10160/toni-kahkonen"
"33220";"https://www.eliteprospects.com/player/33220/brian-connelly"
"10920";"https://www.eliteprospects.com/player/10920/veli-matti-savinainen"
"38907";"https://www.eliteprospects.com/player/38907/tom-makitalo"
"86227";"https://www.eliteprospects.com/player/86227/pontus-sjalin"
"55984";"https://www.eliteprospects.com/player/55984/jesper-mattson"
"14391";"https://www.eliteprospects.com/player/14391/chris-connolly"
"86099";"https://www.eliteprospects.com/player/86099/simon-norberg"
"113274";"https://www.eliteprospects.com/player/113274/carl-ericson"
"139612";"https://www.eliteprospects.com/player/139612/oskar-lang"
"10277";"https://www.eliteprospects.com/player/10277/viktor-martensson"
"16043";"https://www.eliteprospects.com/player/16043/joonas-nattinen"
"18956";"https://www.eliteprospects.com/player/18956/kyle-flanagan"
"10399";"https://www.eliteprospects.com/player/10399/travis-roche"
"7530";"https://www.eliteprospects.com/player/7530/juha-pekka-haataja"
"113516";"https://www.eliteprospects.com/player/113516/carl-grundstrom"
"86306";"https://www.eliteprospects.com/player/86306/albin-runesson"
"438";"https://www.eliteprospects.com/player/438/axel-ottosson"
"187806";"https://www.eliteprospects.com/player/187806/jesper-lindgren"
"86315";"https://www.eliteprospects.com/player/86315/kristian-jakobsson"
"187768";"https://www.eliteprospects.com/player/187768/jonathan-leman"
"9094";"https://www.eliteprospects.com/player/9094/donald-brashear"
"10382";"https://www.eliteprospects.com/player/10382/adam-reideborn"
"113809";"https://www.eliteprospects.com/player/113809/markus-olsson"
"187815";"https://www.eliteprospects.com/player/187815/emil-hedman"
"31612";"https://www.eliteprospects.com/player/31612/terry-broadhurst"
"242668";"https://www.eliteprospects.com/player/242668/linus-lindstrom"
"241423";"https://www.eliteprospects.com/player/241423/anton-danielsson"
"240726";"https://www.eliteprospects.com/player/240726/hugo-danielsson"
"425";"https://www.eliteprospects.com/player/425/isak-stenlund-adelgran"
"113834";"https://www.eliteprospects.com/player/113834/filip-berglund"
"188028";"https://www.eliteprospects.com/player/188028/tim-soderlund"
"242669";"https://www.eliteprospects.com/player/242669/jonathan-stalberg"
"24817";"https://www.eliteprospects.com/player/24817/spencer-abbott"
"9395";"https://www.eliteprospects.com/player/9395/joey-crabb"
"6660";"https://www.eliteprospects.com/player/6660/oliver-lauridsen"
"222125";"https://www.eliteprospects.com/player/222125/kristian-vesalainen"
"230472";"https://www.eliteprospects.com/player/230472/linus-weissbach"
"266046";"https://www.eliteprospects.com/player/266046/jesper-emanuelsson"
"212528";"https://www.eliteprospects.com/player/212528/simon-morberg"
"226390";"https://www.eliteprospects.com/player/226390/erik-borg"
"231200";"https://www.eliteprospects.com/player/231200/arvid-aronsson"
"212814";"https://www.eliteprospects.com/player/212814/kristoffer-gunnarsson"
"212526";"https://www.eliteprospects.com/player/212526/victor-brattstrom"
"11449";"https://www.eliteprospects.com/player/11449/andrew-gordon"
"14867";"https://www.eliteprospects.com/player/14867/garrett-roe"
"367";"https://www.eliteprospects.com/player/367/vilmos-gallo"
"146991";"https://www.eliteprospects.com/player/146991/erik-brissle"
"187763";"https://www.eliteprospects.com/player/187763/oliver-horrsell"
"187898";"https://www.eliteprospects.com/player/187898/simon-hellholm"
"146988";"https://www.eliteprospects.com/player/146988/oscar-karlsson"
"404";"https://www.eliteprospects.com/player/404/calle-krantz"
"146992";"https://www.eliteprospects.com/player/146992/philip-rondahl"
"113802";"https://www.eliteprospects.com/player/113802/hampus-alexandersson"
"17516";"https://www.eliteprospects.com/player/17516/jacob-lagace"
"9334";"https://www.eliteprospects.com/player/9334/craig-schira"
"9355";"https://www.eliteprospects.com/player/9355/brendan-mikkelson"
"11374";"https://www.eliteprospects.com/player/11374/ilari-melart"
"187855";"https://www.eliteprospects.com/player/187855/christopher-mastomaki"
"212637";"https://www.eliteprospects.com/player/212637/jesper-juntto"
"265570";"https://www.eliteprospects.com/player/265570/isac-lundestrom"
"240064";"https://www.eliteprospects.com/player/240064/linus-nassen"
"212728";"https://www.eliteprospects.com/player/212728/oscar-masiello"
"338592";"https://www.eliteprospects.com/player/338592/albin-enqvist"
"9414";"https://www.eliteprospects.com/player/9414/robbie-earl"
"20380";"https://www.eliteprospects.com/player/20380/john-persson"
"33251";"https://www.eliteprospects.com/player/33251/travis-turnbull"
"11386";"https://www.eliteprospects.com/player/11386/antti-tyrvainen"
"212666";"https://www.eliteprospects.com/player/212666/oskar-steen"
"7104";"https://www.eliteprospects.com/player/7104/johan-persson"
"185504";"https://www.eliteprospects.com/player/185504/alexander-leandersson"
"265608";"https://www.eliteprospects.com/player/265608/fabian-zetterlund"
"212664";"https://www.eliteprospects.com/player/212664/hugo-enock"
"244617";"https://www.eliteprospects.com/player/244617/lukas-enqvist"
"118518";"https://www.eliteprospects.com/player/118518/jesper-nordin"
"4638";"https://www.eliteprospects.com/player/4638/lars-haugen"
"7418";"https://www.eliteprospects.com/player/7418/ville-leino"
"13635";"https://www.eliteprospects.com/player/13635/sakari-salminen"
"10196";"https://www.eliteprospects.com/player/10196/adam-burish"
"188225";"https://www.eliteprospects.com/player/188225/carl-ernstig"
"244643";"https://www.eliteprospects.com/player/244643/linus-hogberg"
"209256";"https://www.eliteprospects.com/player/209256/rupert-svard"
"13432";"https://www.eliteprospects.com/player/13432/matt-anderson"
"36616";"https://www.eliteprospects.com/player/36616/robin-press"
"240720";"https://www.eliteprospects.com/player/240720/marcus-davidsson"
"187861";"https://www.eliteprospects.com/player/187861/markus-nygren"
"240255";"https://www.eliteprospects.com/player/240255/andreas-roykas-marthinsen"
"187862";"https://www.eliteprospects.com/player/187862/jonathan-davidsson"
"109979";"https://www.eliteprospects.com/player/109979/fredrik-forsberg"
"17727";"https://www.eliteprospects.com/player/17727/libor-hudacek"
"15670";"https://www.eliteprospects.com/player/15670/greg-squires"
"9617";"https://www.eliteprospects.com/player/9617/jakub-petruzalek"
"14428";"https://www.eliteprospects.com/player/14428/justin-hodgman"
"139641";"https://www.eliteprospects.com/player/139641/alexander-anderberg"
"6210";"https://www.eliteprospects.com/player/6210/emil-eriksson"
"273529";"https://www.eliteprospects.com/player/273529/glenn-gustafsson"
"61637";"https://www.eliteprospects.com/player/61637/emil-larsson"
"214096";"https://www.eliteprospects.com/player/214096/oscar-froberg"
"11722";"https://www.eliteprospects.com/player/11722/ryan-o-byrne"
"191272";"https://www.eliteprospects.com/player/191272/joseph-jonsson"
"255167";"https://www.eliteprospects.com/player/255167/erik-brannstrom"
"212726";"https://www.eliteprospects.com/player/212726/jacob-moverare"
"196251";"https://www.eliteprospects.com/player/196251/filip-lestan"
"214318";"https://www.eliteprospects.com/player/214318/lias-andersson"
"147722";"https://www.eliteprospects.com/player/147722/alexander-johansson"
"33114";"https://www.eliteprospects.com/player/33114/jonathan-pudas"
"33882";"https://www.eliteprospects.com/player/33882/marc-zanetti"
"9633";"https://www.eliteprospects.com/player/9633/petr-vrana"
"212690";"https://www.eliteprospects.com/player/212690/jesper-boqvist"
"165324";"https://www.eliteprospects.com/player/165324/martin-naenfeldt"
"212330";"https://www.eliteprospects.com/player/212330/marcus-ersson"
"12562";"https://www.eliteprospects.com/player/12562/taylor-matson"
"11568";"https://www.eliteprospects.com/player/11568/jordan-smotherman"
"113813";"https://www.eliteprospects.com/player/113813/filip-karlsson"
"9654";"https://www.eliteprospects.com/player/9654/ivan-baranka"
"10613";"https://www.eliteprospects.com/player/10613/felix-schutz"
"224910";"https://www.eliteprospects.com/player/224910/timothy-liljegren"
"5509";"https://www.eliteprospects.com/player/5509/jens-hellgren"
"12508";"https://www.eliteprospects.com/player/12508/kevin-marshall"
"220307";"https://www.eliteprospects.com/player/220307/mathias-from"
"18860";"https://www.eliteprospects.com/player/18860/jesper-jensen"
"7030";"https://www.eliteprospects.com/player/7030/alen-bibic"
"13497";"https://www.eliteprospects.com/player/13497/kelsey-tessier"
"22820";"https://www.eliteprospects.com/player/22820/emil-kristensen"
"86064";"https://www.eliteprospects.com/player/86064/victor-laz"
"163384";"https://www.eliteprospects.com/player/163384/alexander-lunsjo"
"147731";"https://www.eliteprospects.com/player/147731/ludvig-claesson"
"113817";"https://www.eliteprospects.com/player/113817/erik-santesson"
"162168";"https://www.eliteprospects.com/player/162168/ludvig-elvenes"
"32725";"https://www.eliteprospects.com/player/32725/alex-aleardi"
"113525";"https://www.eliteprospects.com/player/113525/marcus-jorgensen"
"212523";"https://www.eliteprospects.com/player/212523/simon-ryfors"
"206910";"https://www.eliteprospects.com/player/206910/morten-jensen"
"212515";"https://www.eliteprospects.com/player/212515/tony-pappila"
"23185";"https://www.eliteprospects.com/player/23185/rasmus-bengtsson"
"34854";"https://www.eliteprospects.com/player/34854/lars-volden"
"212513";"https://www.eliteprospects.com/player/212513/filip-ternbom"
"9220";"https://www.eliteprospects.com/player/9220/peter-mueller"
"15200";"https://www.eliteprospects.com/player/15200/frederik-storm"
"11557";"https://www.eliteprospects.com/player/11557/joey-tenute"
"12464";"https://www.eliteprospects.com/player/12464/t.j.-galiardi"
"9506";"https://www.eliteprospects.com/player/9506/derek-meech"
"6835";"https://www.eliteprospects.com/player/6835/henrik-hetta"
"67214";"https://www.eliteprospects.com/player/67214/johan-ivarsson"
"147674";"https://www.eliteprospects.com/player/147674/kim-rosdahl"
"207446";"https://www.eliteprospects.com/player/207446/magnus-molge"
"288607";"https://www.eliteprospects.com/player/288607/marcus-sylvegard"
"184357";"https://www.eliteprospects.com/player/184357/david-satmark"
"246911";"https://www.eliteprospects.com/player/246911/casper-andersson"
"212715";"https://www.eliteprospects.com/player/212715/jesper-mangs"
"233135";"https://www.eliteprospects.com/player/233135/oliver-olsson"
"233144";"https://www.eliteprospects.com/player/233144/erik-lundblad"
"274991";"https://www.eliteprospects.com/player/274991/martin-fehervary"
"228227";"https://www.eliteprospects.com/player/228227/filip-lennstrom"
"212714";"https://www.eliteprospects.com/player/212714/carl-johan-lerby"
"212529";"https://www.eliteprospects.com/player/212529/mattias-elfstrom"
"147680";"https://www.eliteprospects.com/player/147680/malte-sjogren"
"233130";"https://www.eliteprospects.com/player/233130/tim-hultstrand"
"8853";"https://www.eliteprospects.com/player/8853/bill-thomas"
"33224";"https://www.eliteprospects.com/player/33224/bobby-butler"
"8988";"https://www.eliteprospects.com/player/8988/maxim-lapierre"
"11750";"https://www.eliteprospects.com/player/11750/kyle-wilson"
"8606";"https://www.eliteprospects.com/player/8606/shaun-heshka"
"7462";"https://www.eliteprospects.com/player/7462/ilari-filppula"
"10409";"https://www.eliteprospects.com/player/10409/patrick-dwyer"
"9024";"https://www.eliteprospects.com/player/9024/joel-kwiatkowski"
"23041";"https://www.eliteprospects.com/player/23041/otso-rantakari"
"178225";"https://www.eliteprospects.com/player/178225/tim-wahlgren"
"203936";"https://www.eliteprospects.com/player/203936/oskar-stal-lyrenas"
"9399";"https://www.eliteprospects.com/player/9399/ryan-whitney"
"142241";"https://www.eliteprospects.com/player/142241/erik-ullman"
"212731";"https://www.eliteprospects.com/player/212731/oscar-possler"
"146718";"https://www.eliteprospects.com/player/146718/johan-lindholm"
"10750";"https://www.eliteprospects.com/player/10750/jonatan-bjuro"
"2074";"https://www.eliteprospects.com/player/2074/alexander-bergstrom"
"7024";"https://www.eliteprospects.com/player/7024/filip-cruseman"
"31275";"https://www.eliteprospects.com/player/31275/john-henrion"
"12123";"https://www.eliteprospects.com/player/12123/julien-brouillette"
"4632";"https://www.eliteprospects.com/player/4632/emil-larsson"
"11174";"https://www.eliteprospects.com/player/11174/kristoffer-soder"
"7077";"https://www.eliteprospects.com/player/7077/alexander-viklund"
"10016";"https://www.eliteprospects.com/player/10016/maksim-matushkin"
"22008";"https://www.eliteprospects.com/player/22008/victor-aronsson"
"180252";"https://www.eliteprospects.com/player/180252/jacob-lundegard"
"159235";"https://www.eliteprospects.com/player/159235/simon-loof"
"147679";"https://www.eliteprospects.com/player/147679/axel-lindstrom"
"142249";"https://www.eliteprospects.com/player/142249/gustav-ahnelov"
"46414";"https://www.eliteprospects.com/player/46414/viktor-andersson"
"10364";"https://www.eliteprospects.com/player/10364/olli-palola"
"9469";"https://www.eliteprospects.com/player/9469/geoff-platt"
"38575";"https://www.eliteprospects.com/player/38575/nick-bailen"
"244901";"https://www.eliteprospects.com/player/244901/nils-carnback"
"147723";"https://www.eliteprospects.com/player/147723/ludvig-collberg"
"220099";"https://www.eliteprospects.com/player/220099/jonas-rondbjerg"
"248955";"https://www.eliteprospects.com/player/248955/lucas-nordsater"
"246442";"https://www.eliteprospects.com/player/246442/ludwig-wisten"
"230466";"https://www.eliteprospects.com/player/230466/pontus-eltonius"
"13412";"https://www.eliteprospects.com/player/13412/dylan-reese"
"237839";"https://www.eliteprospects.com/player/237839/isac-brannstrom"
"212360";"https://www.eliteprospects.com/player/212360/johan-malmborg"
"212365";"https://www.eliteprospects.com/player/212365/william-romfors"
"244859";"https://www.eliteprospects.com/player/244859/filip-sveningsson"
"227369";"https://www.eliteprospects.com/player/227369/rasmus-t.-andersson"
"56196";"https://www.eliteprospects.com/player/56196/mikko-lehtonen"
"44007";"https://www.eliteprospects.com/player/44007/niklas-rubin"
"265295";"https://www.eliteprospects.com/player/265295/adam-ahman"
"17844";"https://www.eliteprospects.com/player/17844/casey-wellman"
"14126";"https://www.eliteprospects.com/player/14126/matt-donovan"
"262145";"https://www.eliteprospects.com/player/262145/filip-westerlund"
"159610";"https://www.eliteprospects.com/player/159610/johannes-johannesen"
"310545";"https://www.eliteprospects.com/player/310545/rasmus-dahlin"
"313349";"https://www.eliteprospects.com/player/313349/oliwer-fjellstrom"
"265830";"https://www.eliteprospects.com/player/265830/kalle-miketinac"
"265688";"https://www.eliteprospects.com/player/265688/jacob-nordqvist"
"230467";"https://www.eliteprospects.com/player/230467/markus-christensson"
"246935";"https://www.eliteprospects.com/player/246935/albin-sethsson"
"221341";"https://www.eliteprospects.com/player/221341/joni-ikonen"
"288446";"https://www.eliteprospects.com/player/288446/arvid-soderblom"
"25796";"https://www.eliteprospects.com/player/25796/dan-bakala"
"10886";"https://www.eliteprospects.com/player/10886/ken-andre-olimb"
"281968";"https://www.eliteprospects.com/player/281968/adam-ginning"
"243716";"https://www.eliteprospects.com/player/243716/anton-bjorkman"
"177970";"https://www.eliteprospects.com/player/177970/jonathan-rodensjo"
"246437";"https://www.eliteprospects.com/player/246437/johan-sodergran"
"208292";"https://www.eliteprospects.com/player/208292/didrik-henbrant"
"264220";"https://www.eliteprospects.com/player/264220/hugo-leufvenius"
"208288";"https://www.eliteprospects.com/player/208288/linus-bjork"
"228842";"https://www.eliteprospects.com/player/228842/pontus-eklof"
"52131";"https://www.eliteprospects.com/player/52131/jorgen-karterud"
"177965";"https://www.eliteprospects.com/player/177965/rasmus-hedstrom"
"15040";"https://www.eliteprospects.com/player/15040/kevin-clark"
"9510";"https://www.eliteprospects.com/player/9510/daniel-paille"
"212329";"https://www.eliteprospects.com/player/212329/samuel-asklof"
"45981";"https://www.eliteprospects.com/player/45981/juuso-ikonen"
"10610";"https://www.eliteprospects.com/player/10610/tomas-zaborsky"
"212327";"https://www.eliteprospects.com/player/212327/erik-broman"
"244694";"https://www.eliteprospects.com/player/244694/alexander-bjurstrom"
"227531";"https://www.eliteprospects.com/player/227531/johannes-kinnvall"
"187795";"https://www.eliteprospects.com/player/187795/oliver-dackell"
"11395";"https://www.eliteprospects.com/player/11395/mark-katic"
"246498";"https://www.eliteprospects.com/player/246498/filip-engaras"
"177807";"https://www.eliteprospects.com/player/177807/khalid-ibrahim"
"292750";"https://www.eliteprospects.com/player/292750/linus-andersson"
"242667";"https://www.eliteprospects.com/player/242667/simon-krekula"
"16050";"https://www.eliteprospects.com/player/16050/joni-ortio"
"9709";"https://www.eliteprospects.com/player/9709/tim-stapleton"
"172429";"https://www.eliteprospects.com/player/172429/henrik-neubauer"
"212671";"https://www.eliteprospects.com/player/212671/anton-brandhammar"
"223288";"https://www.eliteprospects.com/player/223288/lukas-haudum"
"233137";"https://www.eliteprospects.com/player/233137/mans-hansson"
"233155";"https://www.eliteprospects.com/player/233155/oscar-eklind"
"13991";"https://www.eliteprospects.com/player/13991/tex-williamsson"
"278347";"https://www.eliteprospects.com/player/278347/anton-malmborg"
"14502";"https://www.eliteprospects.com/player/14502/daine-todd"
"38319";"https://www.eliteprospects.com/player/38319/kael-mouillierat"
"40471";"https://www.eliteprospects.com/player/40471/julius-junttila"
"11412";"https://www.eliteprospects.com/player/11412/tim-kennedy"
"240671";"https://www.eliteprospects.com/player/240671/kim-johansson"
"276703";"https://www.eliteprospects.com/player/276703/marcus-collin"
"220967";"https://www.eliteprospects.com/player/220967/livio-stadler"
"241613";"https://www.eliteprospects.com/player/241613/viktor-grahn"
"16658";"https://www.eliteprospects.com/player/16658/linus-johansson"
"187875";"https://www.eliteprospects.com/player/187875/david-bernhardt"
"246070";"https://www.eliteprospects.com/player/246070/axel-jonsson-fjallby"
"240731";"https://www.eliteprospects.com/player/240731/maximilian-eisenmenger"
"289780";"https://www.eliteprospects.com/player/289780/oscar-wallden"
"239236";"https://www.eliteprospects.com/player/239236/daniel-rosengren"
"244647";"https://www.eliteprospects.com/player/244647/andre-nordstrand"
"178217";"https://www.eliteprospects.com/player/178217/jesper-solomon-frisell"
"146648";"https://www.eliteprospects.com/player/146648/melker-persson"
"187891";"https://www.eliteprospects.com/player/187891/anton-sandberg"
"212228";"https://www.eliteprospects.com/player/212228/alexander-heiver"
"231395";"https://www.eliteprospects.com/player/231395/arvid-holm"
"12809";"https://www.eliteprospects.com/player/12809/siim-liivik"
"17426";"https://www.eliteprospects.com/player/17426/dominique-heinrich"
"45173";"https://www.eliteprospects.com/player/45173/lucas-lessio"
"212744";"https://www.eliteprospects.com/player/212744/daniel-lindberg"
"139634";"https://www.eliteprospects.com/player/139634/oliver-henriksson"
"287724";"https://www.eliteprospects.com/player/287724/william-lindgren"
"264488";"https://www.eliteprospects.com/player/264488/anton-johansson"
"178191";"https://www.eliteprospects.com/player/178191/ludvig-carlsson"
"273508";"https://www.eliteprospects.com/player/273508/jacob-bjerselius"
"186299";"https://www.eliteprospects.com/player/186299/jonatan-frykholm"
"9428";"https://www.eliteprospects.com/player/9428/bryan-lerg"
"9309";"https://www.eliteprospects.com/player/9309/cade-fairchild"
"212720";"https://www.eliteprospects.com/player/212720/gustav-olhaver"
"37148";"https://www.eliteprospects.com/player/37148/matt-fraser"
"231620";"https://www.eliteprospects.com/player/231620/johan-zarwel"
"207452";"https://www.eliteprospects.com/player/207452/nikolaj-krag-christensen"
"290074";"https://www.eliteprospects.com/player/290074/lucas-elvenes"
"14654";"https://www.eliteprospects.com/player/14654/eric-castonguay"
"38325";"https://www.eliteprospects.com/player/38325/ben-youds"
"12363";"https://www.eliteprospects.com/player/12363/markus-lauridsen"
"14335";"https://www.eliteprospects.com/player/14335/joe-piskula"
"20384";"https://www.eliteprospects.com/player/20384/patrik-noren"
"139080";"https://www.eliteprospects.com/player/139080/olle-alsing"
"110235";"https://www.eliteprospects.com/player/110235/isac-skedung"
"180159";"https://www.eliteprospects.com/player/180159/william-wikman"
"266319";"https://www.eliteprospects.com/player/266319/rickard-hugg"
"148162";"https://www.eliteprospects.com/player/148162/matias-lassen"
"207438";"https://www.eliteprospects.com/player/207438/christian-mieritz"
"265605";"https://www.eliteprospects.com/player/265605/oliver-kandergard"
"313359";"https://www.eliteprospects.com/player/313359/emil-bemstrom"
"7528";"https://www.eliteprospects.com/player/7528/tommi-paakkolanvaara"
"178860";"https://www.eliteprospects.com/player/178860/sebastian-bjornstad"
"8046";"https://www.eliteprospects.com/player/8046/atte-engren"
"73457";"https://www.eliteprospects.com/player/73457/henrik-haukeland"
"159569";"https://www.eliteprospects.com/player/159569/jonas-arntzen"
"266336";"https://www.eliteprospects.com/player/266336/elias-pettersson"
"37254";"https://www.eliteprospects.com/player/37254/brendan-shinnimin"
"63003";"https://www.eliteprospects.com/player/63003/joel-persson"
"15665";"https://www.eliteprospects.com/player/15665/andy-miele"
"259973";"https://www.eliteprospects.com/player/259973/dominik-bokk"
"238016";"https://www.eliteprospects.com/player/238016/david-madsen"
"288436";"https://www.eliteprospects.com/player/288436/lukas-ljungblom"
"265859";"https://www.eliteprospects.com/player/265859/pontus-holmberg"
"246660";"https://www.eliteprospects.com/player/246660/axel-sundberg"
"242693";"https://www.eliteprospects.com/player/242693/august-nilsson"
"9089";"https://www.eliteprospects.com/player/9089/rene-bourque"
"86158";"https://www.eliteprospects.com/player/86158/william-lagesson"
"246501";"https://www.eliteprospects.com/player/246501/erik-walli-walterholm"
"289775";"https://www.eliteprospects.com/player/289775/simon-johansson"
"293558";"https://www.eliteprospects.com/player/293558/christoffer-jona"
"289776";"https://www.eliteprospects.com/player/289776/niclas-puikkonen"
"289768";"https://www.eliteprospects.com/player/289768/william-wia"
"11112";"https://www.eliteprospects.com/player/11112/jan-mursak"
"11231";"https://www.eliteprospects.com/player/11231/mike-weber"
"11740";"https://www.eliteprospects.com/player/11740/adam-pardy"
"212624";"https://www.eliteprospects.com/player/212624/pontus-andreasson"
"279170";"https://www.eliteprospects.com/player/279170/filip-hasa"
"288459";"https://www.eliteprospects.com/player/288459/samuel-fagemo"
"278126";"https://www.eliteprospects.com/player/278126/jakob-heljemo"
"212688";"https://www.eliteprospects.com/player/212688/jakob-stenqvist"
"345154";"https://www.eliteprospects.com/player/345154/leon-lereback"
"313350";"https://www.eliteprospects.com/player/313350/jacob-peterson"
"38090";"https://www.eliteprospects.com/player/38090/jesse-virtanen"
"37281";"https://www.eliteprospects.com/player/37281/morgan-ellis"
"349997";"https://www.eliteprospects.com/player/349997/victor-sandberg"
"265846";"https://www.eliteprospects.com/player/265846/mikael-hedlund"
"294264";"https://www.eliteprospects.com/player/294264/herman-johansson"
"317680";"https://www.eliteprospects.com/player/317680/carl-jakobsson"
"294263";"https://www.eliteprospects.com/player/294263/oskar-back"
"263668";"https://www.eliteprospects.com/player/263668/olle-eriksson-ek"
"24186";"https://www.eliteprospects.com/player/24186/michael-kostka"
"265297";"https://www.eliteprospects.com/player/265297/albin-eriksson"
"264474";"https://www.eliteprospects.com/player/264474/ludwig-stenvall"
"317806";"https://www.eliteprospects.com/player/317806/edwin-enstrand"
"274796";"https://www.eliteprospects.com/player/274796/jonatan-berggren"
"30250";"https://www.eliteprospects.com/player/30250/tobias-ekberg"
"6017";"https://www.eliteprospects.com/player/6017/anton-myllari"
"14984";"https://www.eliteprospects.com/player/14984/axel-wemmenborn"
"345052";"https://www.eliteprospects.com/player/345052/linus-cronholm"
"265424";"https://www.eliteprospects.com/player/265424/malte-setkov"
"107557";"https://www.eliteprospects.com/player/107557/andreas-soderberg"
"270492";"https://www.eliteprospects.com/player/270492/simon-ericsson"
"290091";"https://www.eliteprospects.com/player/290091/linus-gidbark"
"75232";"https://www.eliteprospects.com/player/75232/ryan-johnston"
"384079";"https://www.eliteprospects.com/player/384079/nils-lundkvist"
"15388";"https://www.eliteprospects.com/player/15388/joey-hishon"
"265576";"https://www.eliteprospects.com/player/265576/tim-kampeberg"
"242627";"https://www.eliteprospects.com/player/242627/axel-levander"
"267647";"https://www.eliteprospects.com/player/267647/gustav-willman-borvik"
"384081";"https://www.eliteprospects.com/player/384081/william-josbrant"
"15735";"https://www.eliteprospects.com/player/15735/stefan-elliott"
"8394";"https://www.eliteprospects.com/player/8394/max-warn"
"293796";"https://www.eliteprospects.com/player/293796/david-gustafsson"
"262144";"https://www.eliteprospects.com/player/262144/tom-hedberg"
"347250";"https://www.eliteprospects.com/player/347250/simon-holmstrom"
"290911";"https://www.eliteprospects.com/player/290911/joakim-stjern-svensson"
"246937";"https://www.eliteprospects.com/player/246937/max-wennlund"
"241214";"https://www.eliteprospects.com/player/241214/edwin-johansson"
"295082";"https://www.eliteprospects.com/player/295082/victor-ostman"
"8810";"https://www.eliteprospects.com/player/8810/derek-roy"
"24897";"https://www.eliteprospects.com/player/24897/patrick-mullen"
"265290";"https://www.eliteprospects.com/player/265290/olle-lycksell"
"220059";"https://www.eliteprospects.com/player/220059/fredrik-karlstrom"
"39455";"https://www.eliteprospects.com/player/39455/mark-zengerle"
"281973";"https://www.eliteprospects.com/player/281973/william-worge-kreu"
"220133";"https://www.eliteprospects.com/player/220133/daniel-baastrup-andersen"
"248957";"https://www.eliteprospects.com/player/248957/ludvig-ostman"
"344757";"https://www.eliteprospects.com/player/344757/simon-lundmark"
"208286";"https://www.eliteprospects.com/player/208286/alexander-karlsson"
"259121";"https://www.eliteprospects.com/player/259121/nikola-pasic"
"326182";"https://www.eliteprospects.com/player/326182/jesper-myrenberg"
"316216";"https://www.eliteprospects.com/player/316216/gustav-bagenvik"
"12513";"https://www.eliteprospects.com/player/12513/aaron-palushaj"
"11405";"https://www.eliteprospects.com/player/11405/drew-miller"
"290973";"https://www.eliteprospects.com/player/290973/marcus-westfalt"
"40950";"https://www.eliteprospects.com/player/40950/henrik-larsson"
"12529";"https://www.eliteprospects.com/player/12529/louie-caporusso"
"265684";"https://www.eliteprospects.com/player/265684/adam-boqvist"
"212323";"https://www.eliteprospects.com/player/212323/oliver-nordberg"
"287761";"https://www.eliteprospects.com/player/287761/samuel-solem"
"266079";"https://www.eliteprospects.com/player/266079/tim-henriksson"
"315191";"https://www.eliteprospects.com/player/315191/lucas-gustavsson"
"266078";"https://www.eliteprospects.com/player/266078/adam-hirsch"
"292581";"https://www.eliteprospects.com/player/292581/samuel-ersson"
"20392";"https://www.eliteprospects.com/player/20392/olle-liss"
"37424";"https://www.eliteprospects.com/player/37424/kevin-gagne"
"139091";"https://www.eliteprospects.com/player/139091/linus-sandin"
"212361";"https://www.eliteprospects.com/player/212361/alexander-younan"
"62536";"https://www.eliteprospects.com/player/62536/stephen-perfetto"
"231612";"https://www.eliteprospects.com/player/231612/samuel-jonsson"
"231619";"https://www.eliteprospects.com/player/231619/melvin-karlsson"
"7397";"https://www.eliteprospects.com/player/7397/janne-jalasvaara"
"289453";"https://www.eliteprospects.com/player/289453/rasmus-sandin"
"318046";"https://www.eliteprospects.com/player/318046/kevin-wennstrom"
"290232";"https://www.eliteprospects.com/player/290232/balint-horvath"
"329397";"https://www.eliteprospects.com/player/329397/jakob-bondesson"
"25480";"https://www.eliteprospects.com/player/25480/ville-kolppanen"
"290085";"https://www.eliteprospects.com/player/290085/joel-svensson"
"290084";"https://www.eliteprospects.com/player/290084/isak-ragnevad"
"45226";"https://www.eliteprospects.com/player/45226/sakari-manninen"
"77955";"https://www.eliteprospects.com/player/77955/tyson-spink"
"77954";"https://www.eliteprospects.com/player/77954/tylor-spink"
"9342";"https://www.eliteprospects.com/player/9342/victor-bartley"
"11175";"https://www.eliteprospects.com/player/11175/jeremy-williams"
"45972";"https://www.eliteprospects.com/player/45972/nick-ebert"
"16652";"https://www.eliteprospects.com/player/16652/ari-grondahl"
"154962";"https://www.eliteprospects.com/player/154962/rodrigo-abols"
"246448";"https://www.eliteprospects.com/player/246448/arvid-henrikson"
"279101";"https://www.eliteprospects.com/player/279101/lukas-pilo"
"3207";"https://www.eliteprospects.com/player/3207/eero-kilpelainen"
"227875";"https://www.eliteprospects.com/player/227875/isak-mantler"
"23221";"https://www.eliteprospects.com/player/23221/arvid-ljung"
"158842";"https://www.eliteprospects.com/player/158842/david-kase"
"89968";"https://www.eliteprospects.com/player/89968/mathias-brome"
"38238";"https://www.eliteprospects.com/player/38238/andrew-rowe"
"33090";"https://www.eliteprospects.com/player/33090/jacob-nilsson"
"9698";"https://www.eliteprospects.com/player/9698/robin-johansson"
"20567";"https://www.eliteprospects.com/player/20567/steven-seigo"
"19428";"https://www.eliteprospects.com/player/19428/brandon-gormley"
"31607";"https://www.eliteprospects.com/player/31607/matt-bailey"
"18628";"https://www.eliteprospects.com/player/18628/jason-akeson"
"36626";"https://www.eliteprospects.com/player/36626/sebastian-hartmann"
"113484";"https://www.eliteprospects.com/player/113484/emil-aronsson"
"9333";"https://www.eliteprospects.com/player/9333/keaton-ellerby"
"7795";"https://www.eliteprospects.com/player/7795/alexander-hilmerson"
"73394";"https://www.eliteprospects.com/player/73394/erlend-lesund"
"12389";"https://www.eliteprospects.com/player/12389/andrew-kozek"
"34100";"https://www.eliteprospects.com/player/34100/joakim-lilliehook"
"212522";"https://www.eliteprospects.com/player/212522/oskar-svanlund"
"244681";"https://www.eliteprospects.com/player/244681/andre-dahlqvist"
"212765";"https://www.eliteprospects.com/player/212765/fredrik-stromgren"
"226018";"https://www.eliteprospects.com/player/226018/matej-galbavy"
"13175";"https://www.eliteprospects.com/player/13175/mattias-pettersson"
"212696";"https://www.eliteprospects.com/player/212696/isak-wallin"
"314906";"https://www.eliteprospects.com/player/314906/linus-karlsson"
"231409";"https://www.eliteprospects.com/player/231409/tom-johansson"
"244954";"https://www.eliteprospects.com/player/244954/niklas-torgersson"
"212785";"https://www.eliteprospects.com/player/212785/gustav-jaderberg"
"212792";"https://www.eliteprospects.com/player/212792/gabriel-altberg"
"21465";"https://www.eliteprospects.com/player/21465/dennis-svensson"
"67655";"https://www.eliteprospects.com/player/67655/joel-vannstrom"
"38180";"https://www.eliteprospects.com/player/38180/alexander-reichenberg"
"344961";"https://www.eliteprospects.com/player/344961/wilson-johansson"
"330888";"https://www.eliteprospects.com/player/330888/wilhelm-wassberg"
"294267";"https://www.eliteprospects.com/player/294267/jonathan-widen"
"349991";"https://www.eliteprospects.com/player/349991/albert-johansson"
"287843";"https://www.eliteprospects.com/player/287843/andre-fredriksson"
"287836";"https://www.eliteprospects.com/player/287836/jakob-ringsby"
"349939";"https://www.eliteprospects.com/player/349939/oscar-lawner"
"319485";"https://www.eliteprospects.com/player/319485/eric-forsberg"
"5545";"https://www.eliteprospects.com/player/5545/erik-gustafsson"
"244673";"https://www.eliteprospects.com/player/244673/jesper-sellgren"
"99865";"https://www.eliteprospects.com/player/99865/austin-farley"
"393444";"https://www.eliteprospects.com/player/393444/noel-gunler"
"345164";"https://www.eliteprospects.com/player/345164/carl-mattsson"
"23587";"https://www.eliteprospects.com/player/23587/david-lindquist"
"275731";"https://www.eliteprospects.com/player/275731/marek-korencik"
"246434";"https://www.eliteprospects.com/player/246434/lucas-jidenius"
"345163";"https://www.eliteprospects.com/player/345163/nils-thomasson"
"246406";"https://www.eliteprospects.com/player/246406/william-dageryd"
"316533";"https://www.eliteprospects.com/player/316533/victor-edstrom"
"24398";"https://www.eliteprospects.com/player/24398/chay-genoway"
"4466";"https://www.eliteprospects.com/player/4466/anders-gronlund"
"212379";"https://www.eliteprospects.com/player/212379/gustav-lindstrom"
"300505";"https://www.eliteprospects.com/player/300505/linus-nassen"
"350702";"https://www.eliteprospects.com/player/350702/lucas-raymond"
"344180";"https://www.eliteprospects.com/player/344180/filip-roos"
"376987";"https://www.eliteprospects.com/player/376987/karl-henriksson"
"316517";"https://www.eliteprospects.com/player/316517/jonatan-lundin-andersson"
"24173";"https://www.eliteprospects.com/player/24173/jason-garrison"
"4222";"https://www.eliteprospects.com/player/4222/petteri-wirtanen"
"380727";"https://www.eliteprospects.com/player/380727/adam-falk"
"381398";"https://www.eliteprospects.com/player/381398/rasmus-kahilainen"
"37026";"https://www.eliteprospects.com/player/37026/manuel-agren"
"344808";"https://www.eliteprospects.com/player/344808/alexander-holtz"
"344751";"https://www.eliteprospects.com/player/344751/tobias-bjornfot"
"342488";"https://www.eliteprospects.com/player/342488/albin-grewe"
"344661";"https://www.eliteprospects.com/player/344661/olof-lindbom"
"344692";"https://www.eliteprospects.com/player/344692/albin-sundsvik"
"342796";"https://www.eliteprospects.com/player/342796/hannes-lindstrom"
"265565";"https://www.eliteprospects.com/player/265565/felix-dahlroth"
"331784";"https://www.eliteprospects.com/player/331784/linus-hedman"
"295070";"https://www.eliteprospects.com/player/295070/adam-wilsby"
"154100";"https://www.eliteprospects.com/player/154100/john-vestermark"
"187811";"https://www.eliteprospects.com/player/187811/marcus-bjork"
"9773";"https://www.eliteprospects.com/player/9773/martin-janolhs"
"151079";"https://www.eliteprospects.com/player/151079/nick-olesen"
"109933";"https://www.eliteprospects.com/player/109933/albin-johansson"
"61757";"https://www.eliteprospects.com/player/61757/william-kaijser"
"344995";"https://www.eliteprospects.com/player/344995/jacob-hallberg"
"395302";"https://www.eliteprospects.com/player/395302/helge-grans"
"345129";"https://www.eliteprospects.com/player/345129/gustav-wallden"
"24395";"https://www.eliteprospects.com/player/24395/david-elmgren"
"18089";"https://www.eliteprospects.com/player/18089/roman-horak"
"121863";"https://www.eliteprospects.com/player/121863/austin-ortega"
"9486";"https://www.eliteprospects.com/player/9486/kris-versteeg"
"328238";"https://www.eliteprospects.com/player/328238/filip-cederqvist"
"3199";"https://www.eliteprospects.com/player/3199/lauri-tukonen"
"13188";"https://www.eliteprospects.com/player/13188/karl-johansson"
"275628";"https://www.eliteprospects.com/player/275628/otto-henell"
"314909";"https://www.eliteprospects.com/player/314909/jesper-eliasson"
"38728";"https://www.eliteprospects.com/player/38728/didrik-stromberg"
"344126";"https://www.eliteprospects.com/player/344126/anton-heikkinen"
"379957";"https://www.eliteprospects.com/player/379957/helge-holmstrand"
"293794";"https://www.eliteprospects.com/player/293794/william-fransson"
"346977";"https://www.eliteprospects.com/player/346977/hugo-alnefelt"
"24432";"https://www.eliteprospects.com/player/24432/kodie-curran"
"38714";"https://www.eliteprospects.com/player/38714/leon-bristedt"
"311906";"https://www.eliteprospects.com/player/311906/nils-hoglander"
"151452";"https://www.eliteprospects.com/player/151452/trevor-mingoia"
"76090";"https://www.eliteprospects.com/player/76090/matt-carey"
"37536";"https://www.eliteprospects.com/player/37536/eric-gelinas"
"30686";"https://www.eliteprospects.com/player/30686/christian-thomas"
"344999";"https://www.eliteprospects.com/player/344999/isac-johnsson"
"262426";"https://www.eliteprospects.com/player/262426/ken-jager"
"345005";"https://www.eliteprospects.com/player/345005/karl-pahlsson"
"342865";"https://www.eliteprospects.com/player/342865/samuel-johannesson"
"387511";"https://www.eliteprospects.com/player/387511/calle-clang"
"25356";"https://www.eliteprospects.com/player/25356/shane-harper"
"151527";"https://www.eliteprospects.com/player/151527/jordan-boucher"
"98096";"https://www.eliteprospects.com/player/98096/patrik-virta"
"287856";"https://www.eliteprospects.com/player/287856/viktor-lodin"
"17287";"https://www.eliteprospects.com/player/17287/rasmus-rissanen"
"344639";"https://www.eliteprospects.com/player/344639/alfred-barklund"
"313352";"https://www.eliteprospects.com/player/313352/linus-oberg"
"313347";"https://www.eliteprospects.com/player/313347/isac-olsson"
"18093";"https://www.eliteprospects.com/player/18093/robert-kousal"
"30288";"https://www.eliteprospects.com/player/30288/emil-forslund"
"344555";"https://www.eliteprospects.com/player/344555/victor-soderstrom"
"14498";"https://www.eliteprospects.com/player/14498/rudolf-cerveny"
"17504";"https://www.eliteprospects.com/player/17504/danny-kristo"
"304638";"https://www.eliteprospects.com/player/304638/adrian-elefalk"
"318674";"https://www.eliteprospects.com/player/318674/albin-kedbrant"
"355320";"https://www.eliteprospects.com/player/355320/william-alftberg"
"10671";"https://www.eliteprospects.com/player/10671/tomi-karhunen"
"287758";"https://www.eliteprospects.com/player/287758/tobias-forsgren"
"14685";"https://www.eliteprospects.com/player/14685/joe-whitney"
"18595";"https://www.eliteprospects.com/player/18595/james-wright"
"16875";"https://www.eliteprospects.com/player/16875/dan-pettersson"
"348012";"https://www.eliteprospects.com/player/348012/arvid-costmar"
"16456";"https://www.eliteprospects.com/player/16456/michael-keranen"
"79504";"https://www.eliteprospects.com/player/79504/matej-stransky"
"189372";"https://www.eliteprospects.com/player/189372/niki-petti"
"11855";"https://www.eliteprospects.com/player/11855/marek-daloga"
"349951";"https://www.eliteprospects.com/player/349951/adam-edstrom"
"246751";"https://www.eliteprospects.com/player/246751/niklas-sandberg-ornmarker"
"242224";"https://www.eliteprospects.com/player/242224/rasmus-sirugo"
"344527";"https://www.eliteprospects.com/player/344527/alex-lind"
"394723";"https://www.eliteprospects.com/player/394723/isak-garfve"
"347093";"https://www.eliteprospects.com/player/347093/charles-eklund"
"319478";"https://www.eliteprospects.com/player/319478/anton-schagerberg"
"51566";"https://www.eliteprospects.com/player/51566/janne-juvonen"
"343878";"https://www.eliteprospects.com/player/343878/oliver-norgren"
"113535";"https://www.eliteprospects.com/player/113535/robin-christoffersson"
"6931";"https://www.eliteprospects.com/player/6931/rickard-palmberg"
"293387";"https://www.eliteprospects.com/player/293387/filip-hallander"
"86426";"https://www.eliteprospects.com/player/86426/hampus-larsson"
"201585";"https://www.eliteprospects.com/player/201585/marcus-hardegard"
"316535";"https://www.eliteprospects.com/player/316535/jacob-olofsson"
"27465";"https://www.eliteprospects.com/player/27465/emil-berglund"
"67238";"https://www.eliteprospects.com/player/67238/patrick-blomberg"
"13848";"https://www.eliteprospects.com/player/13848/oskar-drugge"
"270160";"https://www.eliteprospects.com/player/270160/christoffer-jansson"
"266313";"https://www.eliteprospects.com/player/266313/gustav-nielsen"
"381306";"https://www.eliteprospects.com/player/381306/william-nilsson-ignberg"
"266114";"https://www.eliteprospects.com/player/266114/samuel-eriksson"
"244698";"https://www.eliteprospects.com/player/244698/sebastian-kaijser"
"314967";"https://www.eliteprospects.com/player/314967/filip-sjoberg"
"243719";"https://www.eliteprospects.com/player/243719/jacob-sundberg"
"293647";"https://www.eliteprospects.com/player/293647/linus-marcko"
"402949";"https://www.eliteprospects.com/player/402949/dennis-hildeby"
"16460";"https://www.eliteprospects.com/player/16460/juhani-tyrvainen"
"40572";"https://www.eliteprospects.com/player/40572/arttu-ilomaki"
"11949";"https://www.eliteprospects.com/player/11949/yohann-auvitu"
"487147";"https://www.eliteprospects.com/player/487147/oscar-tellstrom"
"484282";"https://www.eliteprospects.com/player/484282/andreas-nilsson"
"386522";"https://www.eliteprospects.com/player/386522/henrik-claeson"
"392423";"https://www.eliteprospects.com/player/392423/fabian-nilsson"
"448927";"https://www.eliteprospects.com/player/448927/lucas-ramberg"
"348182";"https://www.eliteprospects.com/player/348182/radek-muzik"
"392424";"https://www.eliteprospects.com/player/392424/albin-thyni-johansson"
"394724";"https://www.eliteprospects.com/player/394724/jesper-wallstedt"
"11597";"https://www.eliteprospects.com/player/11597/jonathon-blum"
"113517";"https://www.eliteprospects.com/player/113517/lucas-ekestahl-jonsson"
"99009";"https://www.eliteprospects.com/player/99009/vojtech-mozik"
"50679";"https://www.eliteprospects.com/player/50679/aleksi-mustonen"
"73110";"https://www.eliteprospects.com/player/73110/ville-leskinen"
"14436";"https://www.eliteprospects.com/player/14436/michael-latta"
"47197";"https://www.eliteprospects.com/player/47197/jarno-karki"
"411919";"https://www.eliteprospects.com/player/411919/richard-jagermyr"
"412461";"https://www.eliteprospects.com/player/412461/leo-loof"
"350005";"https://www.eliteprospects.com/player/350005/adam-arvedson"
"412442";"https://www.eliteprospects.com/player/412442/samuel-eriksson"
"349937";"https://www.eliteprospects.com/player/349937/daniel-kyrk"
"420455";"https://www.eliteprospects.com/player/420455/noah-andersson"
"30925";"https://www.eliteprospects.com/player/30925/chris-desousa"
"387506";"https://www.eliteprospects.com/player/387506/melker-eriksson"
"35336";"https://www.eliteprospects.com/player/35336/hampus-gustafsson"
"387486";"https://www.eliteprospects.com/player/387486/isak-renemark"
"350677";"https://www.eliteprospects.com/player/350677/william-gustafsson"
"97246";"https://www.eliteprospects.com/player/97246/johan-lundgren"
"344993";"https://www.eliteprospects.com/player/344993/gustav-arvidsson"
"304366";"https://www.eliteprospects.com/player/304366/jakob-ragnarsson"
"477907";"https://www.eliteprospects.com/player/477907/calle-spaberg-olsen"
"70390";"https://www.eliteprospects.com/player/70390/roman-will"
"89970";"https://www.eliteprospects.com/player/89970/jesper-froden"
"9199";"https://www.eliteprospects.com/player/9199/tom-pyatt"
"349467";"https://www.eliteprospects.com/player/349467/philip-broberg"
"93823";"https://www.eliteprospects.com/player/93823/darren-nowick"
"40405";"https://www.eliteprospects.com/player/40405/toni-kallela"
"13339";"https://www.eliteprospects.com/player/13339/anton-holm"
"473175";"https://www.eliteprospects.com/player/473175/simon-robertsson"
"473174";"https://www.eliteprospects.com/player/473174/gabriel-sall"
"343380";"https://www.eliteprospects.com/player/343380/william-persson"
"412508";"https://www.eliteprospects.com/player/412508/oscar-darnell"
"45561";"https://www.eliteprospects.com/player/45561/anthony-camara"
"470015";"https://www.eliteprospects.com/player/470015/zion-nybeck"
"345177";"https://www.eliteprospects.com/player/345177/jonathan-wikstrom"
"394716";"https://www.eliteprospects.com/player/394716/emil-andrae"
"3637";"https://www.eliteprospects.com/player/3637/patrik-berglund"
"21380";"https://www.eliteprospects.com/player/21380/kalle-ostman"
"394719";"https://www.eliteprospects.com/player/394719/william-eklund"
"344709";"https://www.eliteprospects.com/player/344709/felix-carenfelt"
"344853";"https://www.eliteprospects.com/player/344853/ludvig-hedstrom"
"343315";"https://www.eliteprospects.com/player/343315/anton-malmstrom"
"343066";"https://www.eliteprospects.com/player/343066/oscar-bjerselius"
"4280";"https://www.eliteprospects.com/player/4280/karri-ramo"
"346945";"https://www.eliteprospects.com/player/346945/lucas-rheyneuclaudes"
"19292";"https://www.eliteprospects.com/player/19292/karl-stollery"
"423614";"https://www.eliteprospects.com/player/423614/ludwig-persson"
"346981";"https://www.eliteprospects.com/player/346981/axel-kumlin"
"407408";"https://www.eliteprospects.com/player/407408/daniel-torgersson"
"379956";"https://www.eliteprospects.com/player/379956/gustav-berglund"
"350706";"https://www.eliteprospects.com/player/350706/elmer-soderblom"
"345018";"https://www.eliteprospects.com/player/345018/hannes-kollen"
"9375";"https://www.eliteprospects.com/player/9375/ryan-stoa"
"84245";"https://www.eliteprospects.com/player/84245/aaron-irving"
"16049";"https://www.eliteprospects.com/player/16049/joonas-rask"
"212660";"https://www.eliteprospects.com/player/212660/max-lindholm"
"197821";"https://www.eliteprospects.com/player/197821/robin-salo"
"295073";"https://www.eliteprospects.com/player/295073/casper-siosteen"
"349832";"https://www.eliteprospects.com/player/349832/elias-ekstrom"
"291874";"https://www.eliteprospects.com/player/291874/maksims-semjonovs"
"316209";"https://www.eliteprospects.com/player/316209/anton-widmark"
"349490";"https://www.eliteprospects.com/player/349490/erik-noren"
"18100";"https://www.eliteprospects.com/player/18100/dominik-furch"
"344971";"https://www.eliteprospects.com/player/344971/william-kias"
"17289";"https://www.eliteprospects.com/player/17289/matias-myttynen"
"33795";"https://www.eliteprospects.com/player/33795/nicolai-meyer"
"342792";"https://www.eliteprospects.com/player/342792/liam-nilsson"
"401310";"https://www.eliteprospects.com/player/401310/oskar-magnusson"
"420461";"https://www.eliteprospects.com/player/420461/anton-olsson"
"345134";"https://www.eliteprospects.com/player/345134/eric-engstrand"
"482319";"https://www.eliteprospects.com/player/482319/alfred-hallin"
"318432";"https://www.eliteprospects.com/player/318432/frederik-dichow"
"16446";"https://www.eliteprospects.com/player/16446/jaakko-rissanen"
"17495";"https://www.eliteprospects.com/player/17495/sam-lofquist"
"119394";"https://www.eliteprospects.com/player/119394/adam-helewka"
"192059";"https://www.eliteprospects.com/player/192059/max-lindroth"
"29266";"https://www.eliteprospects.com/player/29266/mikael-frycklund"
"388216";"https://www.eliteprospects.com/player/388216/michal-mrazik"
"349388";"https://www.eliteprospects.com/player/349388/albert-lyckasen"
"411933";"https://www.eliteprospects.com/player/411933/elliot-ekmark"
"379904";"https://www.eliteprospects.com/player/379904/matteus-ward"
"64576";"https://www.eliteprospects.com/player/64576/jaedon-descheneau"
"67227";"https://www.eliteprospects.com/player/67227/josef-ingman"
"115435";"https://www.eliteprospects.com/player/115435/alexander-lindelof"
"294296";"https://www.eliteprospects.com/player/294296/oscar-birgersson"
"212396";"https://www.eliteprospects.com/player/212396/lukas-zetterberg"
"403021";"https://www.eliteprospects.com/player/403021/alexander-ljungkrantz"
"402325";"https://www.eliteprospects.com/player/402325/oskar-kvist"
"381676";"https://www.eliteprospects.com/player/381676/sebastian-sundlov"
"382696";"https://www.eliteprospects.com/player/382696/abbe-broberg"
"17726";"https://www.eliteprospects.com/player/17726/marek-hrivik"
"38710";"https://www.eliteprospects.com/player/38710/mattias-goransson"
"52031";"https://www.eliteprospects.com/player/52031/thomas-valkv%C3%A6-olsen"
"10809";"https://www.eliteprospects.com/player/10809/philip-samuelsson"
"316794";"https://www.eliteprospects.com/player/316794/filip-johansson"
"343876";"https://www.eliteprospects.com/player/343876/nils-aman"
"381844";"https://www.eliteprospects.com/player/381844/emil-heineman"
"239233";"https://www.eliteprospects.com/player/239233/august-berg"
"420269";"https://www.eliteprospects.com/player/420269/isak-rosen"
"319488";"https://www.eliteprospects.com/player/319488/william-danielsen"
"331171";"https://www.eliteprospects.com/player/331171/gabriel-olsson"
"350038";"https://www.eliteprospects.com/player/350038/jesper-kandergard"
"343874";"https://www.eliteprospects.com/player/343874/alexander-lundqvist"
"266116";"https://www.eliteprospects.com/player/266116/calle-sjalin"
"319507";"https://www.eliteprospects.com/player/319507/marcus-karlberg"
"277264";"https://www.eliteprospects.com/player/277264/jakob-hellsten"
"45219";"https://www.eliteprospects.com/player/45219/miika-koivisto"
"115158";"https://www.eliteprospects.com/player/115158/jakob-forsbacka-karlsson"
"45878";"https://www.eliteprospects.com/player/45878/casey-bailey"
"39433";"https://www.eliteprospects.com/player/39433/mathew-bodie"
"294252";"https://www.eliteprospects.com/player/294252/linus-skager"
"302275";"https://www.eliteprospects.com/player/302275/simon-svensson"
"348047";"https://www.eliteprospects.com/player/348047/adam-backstrand"
"418530";"https://www.eliteprospects.com/player/418530/lucas-edmonds"
"316557";"https://www.eliteprospects.com/player/316557/william-magnusson"
"142236";"https://www.eliteprospects.com/player/142236/erik-kallgren"
"151832";"https://www.eliteprospects.com/player/151832/tyler-kelleher"
"38389";"https://www.eliteprospects.com/player/38389/filiph-engsund"
"30902";"https://www.eliteprospects.com/player/30902/simon-despres"
"3208";"https://www.eliteprospects.com/player/3208/arsi-piispanen"
"15877";"https://www.eliteprospects.com/player/15877/markus-modigs"
"20983";"https://www.eliteprospects.com/player/20983/emil-wahlberg"
"184366";"https://www.eliteprospects.com/player/184366/pontus-nasen"
"147269";"https://www.eliteprospects.com/player/147269/isak-pantzare"
"328002";"https://www.eliteprospects.com/player/328002/eddie-levin"
"347183";"https://www.eliteprospects.com/player/347183/ludwig-svensson-traff"
"350782";"https://www.eliteprospects.com/player/350782/christian-lindberg"
"29607";"https://www.eliteprospects.com/player/29607/marcus-hellgren"
"11987";"https://www.eliteprospects.com/player/11987/richard-bachman"
"1583";"https://www.eliteprospects.com/player/1583/roland-stoltz"
"3285";"https://www.eliteprospects.com/player/3285/thomas-hedin"
"1542";"https://www.eliteprospects.com/player/1542/goran-lindblom"
"3376";"https://www.eliteprospects.com/player/3376/per-johansson"
"3378";"https://www.eliteprospects.com/player/3378/jan-eric-sandberg"
"3387";"https://www.eliteprospects.com/player/3387/johnny-forsman"
"3374";"https://www.eliteprospects.com/player/3374/ulf-hedman"
"1975";"https://www.eliteprospects.com/player/1975/kjell-arne-vikstrom"
"3284";"https://www.eliteprospects.com/player/3284/ulf-vikgren"
"3382";"https://www.eliteprospects.com/player/3382/lars-nystrom"
"1571";"https://www.eliteprospects.com/player/1571/peter-helander"
"1445";"https://www.eliteprospects.com/player/1445/jan-erixon"
"3386";"https://www.eliteprospects.com/player/3386/hannu-palmu"
"3393";"https://www.eliteprospects.com/player/3393/ari-kankaanpera"
"3385";"https://www.eliteprospects.com/player/3385/pekka-rampa"
"3379";"https://www.eliteprospects.com/player/3379/martin-johansson"
"2138";"https://www.eliteprospects.com/player/2138/mikael-granstedt"
"3392";"https://www.eliteprospects.com/player/3392/robert-ostlund"
"1439";"https://www.eliteprospects.com/player/1439/thomas-ahlen"
"1759";"https://www.eliteprospects.com/player/1759/martin-pettersson"
"3066";"https://www.eliteprospects.com/player/3066/olof-johansson"
"3271";"https://www.eliteprospects.com/player/3271/mats-abrahamsson"
"3394";"https://www.eliteprospects.com/player/3394/stig-holmberg"
"1974";"https://www.eliteprospects.com/player/1974/lars-erik-ericsson"
"3016";"https://www.eliteprospects.com/player/3016/roger-lindstrom"
"1592";"https://www.eliteprospects.com/player/1592/leif-holmgren"
"1591";"https://www.eliteprospects.com/player/1591/peter-gradin"
"3015";"https://www.eliteprospects.com/player/3015/leif-r.-carlsson"
"1513";"https://www.eliteprospects.com/player/1513/mats-ulander"
"1518";"https://www.eliteprospects.com/player/1518/ulf-isaksson"
"1541";"https://www.eliteprospects.com/player/1541/anders-hakansson"
"3127";"https://www.eliteprospects.com/player/3127/rolf-ericsson"
"1594";"https://www.eliteprospects.com/player/1594/ulf-radbjer"
"1536";"https://www.eliteprospects.com/player/1536/bo-ericson"
"1556";"https://www.eliteprospects.com/player/1556/bengt-lundholm"
"3151";"https://www.eliteprospects.com/player/3151/kai-nurmi"
"3162";"https://www.eliteprospects.com/player/3162/anders-wallin"
"3163";"https://www.eliteprospects.com/player/3163/hans-cederholm"
"3168";"https://www.eliteprospects.com/player/3168/dan-niklasson"
"1619";"https://www.eliteprospects.com/player/1619/torbjorn-mattsson"
"3157";"https://www.eliteprospects.com/player/3157/mats-rasmusson"
"3041";"https://www.eliteprospects.com/player/3041/hakan-granstrom"
"5497";"https://www.eliteprospects.com/player/5497/kent-karlstrom"
"1596";"https://www.eliteprospects.com/player/1596/mats-alba"
"1595";"https://www.eliteprospects.com/player/1595/mats-hessel"
"3166";"https://www.eliteprospects.com/player/3166/kare-pettersson"
"1590";"https://www.eliteprospects.com/player/1590/gunnar-lejdborg"
"1522";"https://www.eliteprospects.com/player/1522/peter-aslin"
"118926";"https://www.eliteprospects.com/player/118926/ove-segerstrom"
"1459";"https://www.eliteprospects.com/player/1459/thomas-steen"
"1440";"https://www.eliteprospects.com/player/1440/thomas-rundqvist"
"2872";"https://www.eliteprospects.com/player/2872/jan-vestberg"
"2866";"https://www.eliteprospects.com/player/2866/robin-eriksson"
"1524";"https://www.eliteprospects.com/player/1524/jan-ingman"
"2857";"https://www.eliteprospects.com/player/2857/claes-henrik-silfver"
"2870";"https://www.eliteprospects.com/player/2870/gunnar-johansson"
"1538";"https://www.eliteprospects.com/player/1538/harald-luckner"
"2863";"https://www.eliteprospects.com/player/2863/dan-mohlin"
"1582";"https://www.eliteprospects.com/player/1582/lars-zetterstrom"
"2873";"https://www.eliteprospects.com/player/2873/jorgen-palm"
"2798";"https://www.eliteprospects.com/player/2798/lars-goran-nilsson"
"2874";"https://www.eliteprospects.com/player/2874/hans-ake-rosendahl"
"1499";"https://www.eliteprospects.com/player/1499/peter-loob"
"2864";"https://www.eliteprospects.com/player/2864/tommy-moller"
"2867";"https://www.eliteprospects.com/player/2867/jan-wickberg"
"2875";"https://www.eliteprospects.com/player/2875/borje-ottosson"
"2877";"https://www.eliteprospects.com/player/2877/hannu-lassila"
"2869";"https://www.eliteprospects.com/player/2869/hakan-hermansson"
"2876";"https://www.eliteprospects.com/player/2876/mats-hultgren"
"1573";"https://www.eliteprospects.com/player/1573/christer-kellgren"
"2826";"https://www.eliteprospects.com/player/2826/bengt-kinell"
"1574";"https://www.eliteprospects.com/player/1574/peter-gustavsson"
"1588";"https://www.eliteprospects.com/player/1588/mats-lindh"
"2811";"https://www.eliteprospects.com/player/2811/roger-ahsberg"
"21501";"https://www.eliteprospects.com/player/21501/emil-meszaros"
"2814";"https://www.eliteprospects.com/player/2814/kent-eriksson"
"1565";"https://www.eliteprospects.com/player/1565/thommie-bergman"
"2815";"https://www.eliteprospects.com/player/2815/anders-brostrom"
"2830";"https://www.eliteprospects.com/player/2830/finn-lundstrom"
"2818";"https://www.eliteprospects.com/player/2818/goran-nilsson"
"2817";"https://www.eliteprospects.com/player/2817/thomas-karrbrandt"
"2823";"https://www.eliteprospects.com/player/2823/tommy-persson"
"2813";"https://www.eliteprospects.com/player/2813/ove-karlsson"
"1973";"https://www.eliteprospects.com/player/1973/lars-erik-esbjors"
"2816";"https://www.eliteprospects.com/player/2816/thomas-lundin"
"2824";"https://www.eliteprospects.com/player/2824/magnus-olsson"
"580977";"https://www.eliteprospects.com/player/580977/tor-bratas"
"401946";"https://www.eliteprospects.com/player/401946/christer-gustafsson"
"2832";"https://www.eliteprospects.com/player/2832/lars-svensson"
"2831";"https://www.eliteprospects.com/player/2831/staffan-holmen"
"2758";"https://www.eliteprospects.com/player/2758/benny-vestblom"
"1559";"https://www.eliteprospects.com/player/1559/goran-hogosta"
"2835";"https://www.eliteprospects.com/player/2835/lars-dahlqvist"
"2979";"https://www.eliteprospects.com/player/2979/tore-okvist"
"3276";"https://www.eliteprospects.com/player/3276/rolf-alvero"
"1947";"https://www.eliteprospects.com/player/1947/lennart-norberg"
"3252";"https://www.eliteprospects.com/player/3252/ulf-lundstrom"
"3279";"https://www.eliteprospects.com/player/3279/bjorn-bergius"
"1885";"https://www.eliteprospects.com/player/1885/jan-lindholm"
"1530";"https://www.eliteprospects.com/player/1530/lars-gunnar-pettersson"
"3003";"https://www.eliteprospects.com/player/3003/jan-nyman"
"3259";"https://www.eliteprospects.com/player/3259/torbjorn-andersson"
"3273";"https://www.eliteprospects.com/player/3273/jan-lundstrom"
"2836";"https://www.eliteprospects.com/player/2836/hans-edlund"
"3278";"https://www.eliteprospects.com/player/3278/peter-edstrom"
"1447";"https://www.eliteprospects.com/player/1447/peter-sundstrom"
"1531";"https://www.eliteprospects.com/player/1531/roger-hagglund"
"3051";"https://www.eliteprospects.com/player/3051/per-sjolander"
"3268";"https://www.eliteprospects.com/player/3268/anders-bostrom"
"3263";"https://www.eliteprospects.com/player/3263/rolf-berglund"
"3283";"https://www.eliteprospects.com/player/3283/tony-lundgren"
"83574";"https://www.eliteprospects.com/player/83574/mats-bergius"
"1883";"https://www.eliteprospects.com/player/1883/gote-walitalo"
"41411";"https://www.eliteprospects.com/player/41411/patrik-norgren"
"3272";"https://www.eliteprospects.com/player/3272/stefan-eriksson"
"1554";"https://www.eliteprospects.com/player/1554/dag-bredberg"
"1578";"https://www.eliteprospects.com/player/1578/peter-wallin"
"2782";"https://www.eliteprospects.com/player/2782/claes-goran-wallin"
"1508";"https://www.eliteprospects.com/player/1508/bo-berglund"
"1580";"https://www.eliteprospects.com/player/1580/hakan-sodergren"
"1558";"https://www.eliteprospects.com/player/1558/mats-waltin"
"2652";"https://www.eliteprospects.com/player/2652/hans-sarkijarvi"
"2783";"https://www.eliteprospects.com/player/2783/per-allan-wikstrom"
"1658";"https://www.eliteprospects.com/player/1658/karl-erik-lilja"
"1525";"https://www.eliteprospects.com/player/1525/jens-ohling"
"1915";"https://www.eliteprospects.com/player/1915/tommy-morth"
"1548";"https://www.eliteprospects.com/player/1548/soren-johansson"
"2778";"https://www.eliteprospects.com/player/2778/hakan-dahllof"
"2770";"https://www.eliteprospects.com/player/2770/tord-nansen"
"1526";"https://www.eliteprospects.com/player/1526/michael-thelven"
"2764";"https://www.eliteprospects.com/player/2764/stefan-perlstrom"
"2784";"https://www.eliteprospects.com/player/2784/bo-johansson"
"1584";"https://www.eliteprospects.com/player/1584/leif-svensson"
"2779";"https://www.eliteprospects.com/player/2779/lars-fredrik-nystrom"
"1979";"https://www.eliteprospects.com/player/1979/reino-sundberg"
"2785";"https://www.eliteprospects.com/player/2785/peder-nilsson"
"1457";"https://www.eliteprospects.com/player/1457/mats-naslund"
"2738";"https://www.eliteprospects.com/player/2738/lars-goran-gerdin"
"2743";"https://www.eliteprospects.com/player/2743/jan-asplund"
"1581";"https://www.eliteprospects.com/player/1581/inge-hammarstrom"
"1646";"https://www.eliteprospects.com/player/1646/kenneth-andersson"
"1971";"https://www.eliteprospects.com/player/1971/stig-ostling"
"2734";"https://www.eliteprospects.com/player/2734/jan-kock"
"2739";"https://www.eliteprospects.com/player/2739/stefan-canderyd"
"2742";"https://www.eliteprospects.com/player/2742/anders-dahlin"
"1454";"https://www.eliteprospects.com/player/1454/anders-backstrom"
"2745";"https://www.eliteprospects.com/player/2745/stefan-lif"
"2723";"https://www.eliteprospects.com/player/2723/conny-silfverberg"
"2156";"https://www.eliteprospects.com/player/2156/bjorn-akerblom"
"1969";"https://www.eliteprospects.com/player/1969/stig-salming"
"2744";"https://www.eliteprospects.com/player/2744/jan-erik-silfverberg"
"2746";"https://www.eliteprospects.com/player/2746/stefan-karlsson"
"2108";"https://www.eliteprospects.com/player/2108/anders-berglund"
"2735";"https://www.eliteprospects.com/player/2735/goran-grundstrom"
"2747";"https://www.eliteprospects.com/player/2747/tommy-pettersson"
"1533";"https://www.eliteprospects.com/player/1533/gunnar-persson"
"1643";"https://www.eliteprospects.com/player/1643/peter-eriksson"
"1446";"https://www.eliteprospects.com/player/1446/lars-eriksson"
"1941";"https://www.eliteprospects.com/player/1941/william-lofqvist"
"1889";"https://www.eliteprospects.com/player/1889/lars-molin"
"1946";"https://www.eliteprospects.com/player/1946/per-lundqvist"
"2651";"https://www.eliteprospects.com/player/2651/tommy-sjalin"
"2995";"https://www.eliteprospects.com/player/2995/ulf-norberg"
"3004";"https://www.eliteprospects.com/player/3004/ulf-thors"
"2997";"https://www.eliteprospects.com/player/2997/lars-nyberg"
"2989";"https://www.eliteprospects.com/player/2989/robert-frestadius"
"2910";"https://www.eliteprospects.com/player/2910/jukka-koskilahti"
"1942";"https://www.eliteprospects.com/player/1942/sture-andersson"
"3006";"https://www.eliteprospects.com/player/3006/ulf-ingvarsson"
"2159";"https://www.eliteprospects.com/player/2159/jan-eriksson"
"1888";"https://www.eliteprospects.com/player/1888/matti-pauna"
"3012";"https://www.eliteprospects.com/player/3012/joseph-grant"
"112635";"https://www.eliteprospects.com/player/112635/joe-grant"
"2999";"https://www.eliteprospects.com/player/2999/lennart-jonsson"
"3002";"https://www.eliteprospects.com/player/3002/jerry-lundberg"
"2729";"https://www.eliteprospects.com/player/2729/per-nilsson"
"3013";"https://www.eliteprospects.com/player/3013/ulf-ullsten"
"3008";"https://www.eliteprospects.com/player/3008/tomas-byberg"
"3014";"https://www.eliteprospects.com/player/3014/peter-holmqvist"
"3009";"https://www.eliteprospects.com/player/3009/mats-eriksson"
"2860";"https://www.eliteprospects.com/player/2860/erkki-laine"
"1948";"https://www.eliteprospects.com/player/1948/dan-soderstrom"
"1550";"https://www.eliteprospects.com/player/1550/per-arne-alexandersson"
"1842";"https://www.eliteprospects.com/player/1842/jarmo-makitalo"
"2903";"https://www.eliteprospects.com/player/2903/ivan-hansen"
"1944";"https://www.eliteprospects.com/player/1944/mats-ahlberg"
"2650";"https://www.eliteprospects.com/player/2650/ove-olsson"
"1943";"https://www.eliteprospects.com/player/1943/ulf-weinstock"
"1977";"https://www.eliteprospects.com/player/1977/lars-karlsson"
"2949";"https://www.eliteprospects.com/player/2949/hans-eriksson"
"2952";"https://www.eliteprospects.com/player/2952/nils-olof-olsson-knuts"
"2953";"https://www.eliteprospects.com/player/2953/roger-hellqvist"
"2788";"https://www.eliteprospects.com/player/2788/jan-ake-danielson"
"2944";"https://www.eliteprospects.com/player/2944/hakan-olsson"
"2954";"https://www.eliteprospects.com/player/2954/anders-bjorklund"
"2936";"https://www.eliteprospects.com/player/2936/ove-pettersson"
"14123";"https://www.eliteprospects.com/player/14123/peter-bolin"
"2955";"https://www.eliteprospects.com/player/2955/magnus-rapp"
"1930";"https://www.eliteprospects.com/player/1930/kent-lantz"
"2951";"https://www.eliteprospects.com/player/2951/tommy-fors"
"1569";"https://www.eliteprospects.com/player/1569/christer-abrahamsson"
"2941";"https://www.eliteprospects.com/player/2941/stefan-lunner"
"2956";"https://www.eliteprospects.com/player/2956/per-hallstrom"
"2786";"https://www.eliteprospects.com/player/2786/glenn-johansson"
"2751";"https://www.eliteprospects.com/player/2751/jan-eriksson"
"2812";"https://www.eliteprospects.com/player/2812/peter-elander"
"1552";"https://www.eliteprospects.com/player/1552/anders-eldebrink"
"1537";"https://www.eliteprospects.com/player/1537/mats-hallin"
"3069";"https://www.eliteprospects.com/player/3069/kent-andersson"
"3070";"https://www.eliteprospects.com/player/3070/dick-yderstrom"
"1534";"https://www.eliteprospects.com/player/1534/christer-lowdahl"
"2753";"https://www.eliteprospects.com/player/2753/krister-bergstrom"
"3062";"https://www.eliteprospects.com/player/3062/ulf-borg"
"3071";"https://www.eliteprospects.com/player/3071/dan-landegren"
"2834";"https://www.eliteprospects.com/player/2834/bo-andersson"
"2943";"https://www.eliteprospects.com/player/2943/tomas-gustafsson"
"2888";"https://www.eliteprospects.com/player/2888/alf-tornqvist"
"2754";"https://www.eliteprospects.com/player/2754/tomas-jernberg"
"2921";"https://www.eliteprospects.com/player/2921/anders-karlsson"
"3072";"https://www.eliteprospects.com/player/3072/roger-fivelstedt"
"3073";"https://www.eliteprospects.com/player/3073/borje-rohlin"
"3075";"https://www.eliteprospects.com/player/3075/tomas-lunden"
"3074";"https://www.eliteprospects.com/player/3074/ulf-landstrom"
"3068";"https://www.eliteprospects.com/player/3068/lars-fernqvist"
"3076";"https://www.eliteprospects.com/player/3076/goran-olsson"
"3067";"https://www.eliteprospects.com/player/3067/ake-andersson"
"1555";"https://www.eliteprospects.com/player/1555/anders-steen"
"2871";"https://www.eliteprospects.com/player/2871/frank-neal"
"1516";"https://www.eliteprospects.com/player/1516/magnus-roupe"
"91339";"https://www.eliteprospects.com/player/91339/anders-jonsson"
"2856";"https://www.eliteprospects.com/player/2856/stefan-persson"
"2868";"https://www.eliteprospects.com/player/2868/thomas-blom"
"3282";"https://www.eliteprospects.com/player/3282/ulf-nilsson"
"1982";"https://www.eliteprospects.com/player/1982/jon-lundstrom"
"3287";"https://www.eliteprospects.com/player/3287/staffan-andersson"
"2976";"https://www.eliteprospects.com/player/2976/mats-blomqvist"
"1585";"https://www.eliteprospects.com/player/1585/rolf-edberg"
"1511";"https://www.eliteprospects.com/player/1511/per-erik-eklund"
"5498";"https://www.eliteprospects.com/player/5498/dan-pettersson"
"96157";"https://www.eliteprospects.com/player/96157/jan-teiner"
"1520";"https://www.eliteprospects.com/player/1520/erik-holmberg"
"3010";"https://www.eliteprospects.com/player/3010/bruno-ohlzon"
"2998";"https://www.eliteprospects.com/player/2998/roger-eliasson"
"126380";"https://www.eliteprospects.com/player/126380/lars-hellstrom"
"3011";"https://www.eliteprospects.com/player/3011/benoit-perreault"
"2969";"https://www.eliteprospects.com/player/2969/erik-stalnacke"
"2935";"https://www.eliteprospects.com/player/2935/ulf-skoglund"
"1532";"https://www.eliteprospects.com/player/1532/ulf-zetterstrom"
"1486";"https://www.eliteprospects.com/player/1486/ulf-samuelsson"
"2737";"https://www.eliteprospects.com/player/2737/hans-johansson"
"15414";"https://www.eliteprospects.com/player/15414/roger-jonsson"
"2945";"https://www.eliteprospects.com/player/2945/stefan-svensson"
"2946";"https://www.eliteprospects.com/player/2946/anders-alverud"
"2947";"https://www.eliteprospects.com/player/2947/niklas-holmberg"
"1837";"https://www.eliteprospects.com/player/1837/hasse-sjoo"
"2819";"https://www.eliteprospects.com/player/2819/ulf-labraaten"
"2822";"https://www.eliteprospects.com/player/2822/kurt-carlsson"
"2827";"https://www.eliteprospects.com/player/2827/walter-olds"
"2809";"https://www.eliteprospects.com/player/2809/janne-karlsson"
"2829";"https://www.eliteprospects.com/player/2829/seppo-pakola"
"444130";"https://www.eliteprospects.com/player/444130/anders-roddar"
"2741";"https://www.eliteprospects.com/player/2741/johan-tornqvist"
"1945";"https://www.eliteprospects.com/player/1945/hakan-eriksson"
"1458";"https://www.eliteprospects.com/player/1458/thomas-eriksson"
"1886";"https://www.eliteprospects.com/player/1886/jan-claesson"
"1515";"https://www.eliteprospects.com/player/1515/martin-linse"
"2780";"https://www.eliteprospects.com/player/2780/lennart-dahlberg"
"2911";"https://www.eliteprospects.com/player/2911/bo-berggren"
"3032";"https://www.eliteprospects.com/player/3032/jari-kaski"
"3033";"https://www.eliteprospects.com/player/3033/henrik-sandstrom"
"1570";"https://www.eliteprospects.com/player/1570/thommy-abrahamsson"
"3034";"https://www.eliteprospects.com/player/3034/hakan-pettersson"
"3036";"https://www.eliteprospects.com/player/3036/staffan-erixon"
"3035";"https://www.eliteprospects.com/player/3035/risto-tuomi"
"2880";"https://www.eliteprospects.com/player/2880/stephen-foyn"
"3037";"https://www.eliteprospects.com/player/3037/lars-eje-lindstrom"
"3039";"https://www.eliteprospects.com/player/3039/stefan-pettersson"
"3038";"https://www.eliteprospects.com/player/3038/mikael-johansson"
"2972";"https://www.eliteprospects.com/player/2972/ulf-agren"
"1450";"https://www.eliteprospects.com/player/1450/anders-vikberg"
"3040";"https://www.eliteprospects.com/player/3040/peter-lund"
"1985";"https://www.eliteprospects.com/player/1985/roland-westin"
"3042";"https://www.eliteprospects.com/player/3042/per-pettersson"
"3043";"https://www.eliteprospects.com/player/3043/christer-sehlstedt"
"1884";"https://www.eliteprospects.com/player/1884/peter-lindmark"
"121528";"https://www.eliteprospects.com/player/121528/thomas-svedin"
"1657";"https://www.eliteprospects.com/player/1657/kent-johansson"
"2153";"https://www.eliteprospects.com/player/2153/jorgen-holmberg"
"701";"https://www.eliteprospects.com/player/701/tommy-albelin"
"2775";"https://www.eliteprospects.com/player/2775/ake-eksell"
"2777";"https://www.eliteprospects.com/player/2777/mikael-good"
"2774";"https://www.eliteprospects.com/player/2774/bjorn-haglund"
"1621";"https://www.eliteprospects.com/player/1621/stefan-jansson"
"2765";"https://www.eliteprospects.com/player/2765/pontus-molander"
"2772";"https://www.eliteprospects.com/player/2772/christian-henriksson"
"1651";"https://www.eliteprospects.com/player/1651/jan-viktorson"
"2773";"https://www.eliteprospects.com/player/2773/bo-larsson"
"1514";"https://www.eliteprospects.com/player/1514/tommy-lehmann"
"1512";"https://www.eliteprospects.com/player/1512/jan-ericson"
"2149";"https://www.eliteprospects.com/player/2149/hakan-persson"
"1986";"https://www.eliteprospects.com/player/1986/michael-wikstrom"
"1448";"https://www.eliteprospects.com/player/1448/peter-madach"
"1549";"https://www.eliteprospects.com/player/1549/roland-eriksson"
"1560";"https://www.eliteprospects.com/player/1560/dan-labraaten"
"1564";"https://www.eliteprospects.com/player/1564/per-olov-brasar"
"2733";"https://www.eliteprospects.com/player/2733/fredrik-lundstrom"
"2154";"https://www.eliteprospects.com/player/2154/goran-sjoberg"
"2731";"https://www.eliteprospects.com/player/2731/per-hedenstrom"
"2736";"https://www.eliteprospects.com/player/2736/mikael-sandstrom"
"2740";"https://www.eliteprospects.com/player/2740/niklas-wikegard"
"120750";"https://www.eliteprospects.com/player/120750/jan-lindblom"
"2820";"https://www.eliteprospects.com/player/2820/soren-johansson"
"2825";"https://www.eliteprospects.com/player/2825/ron-davidson"
"120507";"https://www.eliteprospects.com/player/120507/hakan-erngren"
"3395";"https://www.eliteprospects.com/player/3395/per-andersson"
"3396";"https://www.eliteprospects.com/player/3396/ola-stenlund"
"3397";"https://www.eliteprospects.com/player/3397/leif-hedlund"
"3398";"https://www.eliteprospects.com/player/3398/mats-lundstrom"
"1442";"https://www.eliteprospects.com/player/1442/jens-johansson"
"3399";"https://www.eliteprospects.com/player/3399/robert-oman"
"122486";"https://www.eliteprospects.com/player/122486/anders-lundholm"
"1983";"https://www.eliteprospects.com/player/1983/niklas-mannberg"
"1441";"https://www.eliteprospects.com/player/1441/ulf-nilsson"
"119879";"https://www.eliteprospects.com/player/119879/hakan-dahlback"
"1925";"https://www.eliteprospects.com/player/1925/ulf-odmark"
"1924";"https://www.eliteprospects.com/player/1924/lars-bystrom"
"1981";"https://www.eliteprospects.com/player/1981/per-forsberg"
"1444";"https://www.eliteprospects.com/player/1444/jan-karlsson"
"3007";"https://www.eliteprospects.com/player/3007/tomas-jonsson"
"2996";"https://www.eliteprospects.com/player/2996/hakan-hjerpe"
"3119";"https://www.eliteprospects.com/player/3119/thomas-jagenstedt"
"1451";"https://www.eliteprospects.com/player/1451/peter-nilsson"
"1562";"https://www.eliteprospects.com/player/1562/roger-melin"
"3118";"https://www.eliteprospects.com/player/3118/tony-landeskog"
"2766";"https://www.eliteprospects.com/player/2766/per-goransson"
"2790";"https://www.eliteprospects.com/player/2790/kenneth-nordstrom"
"1501";"https://www.eliteprospects.com/player/1501/orvar-stambert"
"3114";"https://www.eliteprospects.com/player/3114/jan-lindberg"
"1528";"https://www.eliteprospects.com/player/1528/peter-hellenberg"
"3122";"https://www.eliteprospects.com/player/3122/per-levin"
"2761";"https://www.eliteprospects.com/player/2761/claes-norstrom"
"3123";"https://www.eliteprospects.com/player/3123/mats-larsson"
"3124";"https://www.eliteprospects.com/player/3124/orjan-lovdal"
"3125";"https://www.eliteprospects.com/player/3125/hans-malm"
"3115";"https://www.eliteprospects.com/player/3115/lars-bjork"
"3077";"https://www.eliteprospects.com/player/3077/stefan-ostrom"
"3110";"https://www.eliteprospects.com/player/3110/hans-segerberg"
"636804";"https://www.eliteprospects.com/player/636804/anders-soderholm"
"3117";"https://www.eliteprospects.com/player/3117/morgan-craas"
"3113";"https://www.eliteprospects.com/player/3113/lars-lindskog"
"3120";"https://www.eliteprospects.com/player/3120/anders-karlsson"
"169813";"https://www.eliteprospects.com/player/169813/mikael-cederholm"
"3126";"https://www.eliteprospects.com/player/3126/dick-drott"
"1475";"https://www.eliteprospects.com/player/1475/hans-goran-elo"
"2862";"https://www.eliteprospects.com/player/2862/hans-norberg"
"3169";"https://www.eliteprospects.com/player/3169/bjorn-hellman"
"1494";"https://www.eliteprospects.com/player/1494/per-martinelle"
"118928";"https://www.eliteprospects.com/player/118928/ronny-jansson"
"118931";"https://www.eliteprospects.com/player/118931/niclas-thoren"
"2776";"https://www.eliteprospects.com/player/2776/mats-edholm"
"2762";"https://www.eliteprospects.com/player/2762/peter-wallen"
"3064";"https://www.eliteprospects.com/player/3064/mikael-jagusch"
"2768";"https://www.eliteprospects.com/player/2768/erik-ahlstrom"
"1489";"https://www.eliteprospects.com/player/1489/arto-blomsten"
"2767";"https://www.eliteprospects.com/player/2767/jeff-hallegard"
"636234";"https://www.eliteprospects.com/player/636234/erik-ek"
"3286";"https://www.eliteprospects.com/player/3286/mats-jacobsson"
"1473";"https://www.eliteprospects.com/player/1473/stefan-nilsson"
"1443";"https://www.eliteprospects.com/player/1443/jakob-gustavsson"
"3065";"https://www.eliteprospects.com/player/3065/jukka-hirsimaki"
"1452";"https://www.eliteprospects.com/player/1452/johan-mellstrom"
"1535";"https://www.eliteprospects.com/player/1535/dan-hermansson"
"1844";"https://www.eliteprospects.com/player/1844/mats-lusth"
"443630";"https://www.eliteprospects.com/player/443630/urban-larsson"
"1683";"https://www.eliteprospects.com/player/1683/christer-dalgard"
"1984";"https://www.eliteprospects.com/player/1984/jorgen-marklund"
"2107";"https://www.eliteprospects.com/player/2107/claes-lindblom"
"2139";"https://www.eliteprospects.com/player/2139/lars-marklund"
"122487";"https://www.eliteprospects.com/player/122487/ola-lundberg"
"2948";"https://www.eliteprospects.com/player/2948/siverth-andersson"
"1487";"https://www.eliteprospects.com/player/1487/kjell-samuelsson"
"15421";"https://www.eliteprospects.com/player/15421/per-nordlinder"
"2950";"https://www.eliteprospects.com/player/2950/michael-leek"
"1504";"https://www.eliteprospects.com/player/1504/henrik-cedergren"
"2726";"https://www.eliteprospects.com/player/2726/johnny-strid"
"2724";"https://www.eliteprospects.com/player/2724/krister-andersson"
"2973";"https://www.eliteprospects.com/player/2973/juha-tuohimaa"
"3001";"https://www.eliteprospects.com/player/3001/henry-saleva"
"2985";"https://www.eliteprospects.com/player/2985/ingemar-strom"
"1572";"https://www.eliteprospects.com/player/1572/hardy-astrom"
"2915";"https://www.eliteprospects.com/player/2915/hans-jonsson"
"1878";"https://www.eliteprospects.com/player/1878/jens-hellgren"
"714";"https://www.eliteprospects.com/player/714/calle-johansson"
"199728";"https://www.eliteprospects.com/player/199728/joakim-hokegard"
"2821";"https://www.eliteprospects.com/player/2821/peter-pettersson"
"2769";"https://www.eliteprospects.com/player/2769/per-bilen"
"2161";"https://www.eliteprospects.com/player/2161/mats-ytter"
"3061";"https://www.eliteprospects.com/player/3061/niklas-lindgren"
"100287";"https://www.eliteprospects.com/player/100287/jorgen-winborg"
"2117";"https://www.eliteprospects.com/player/2117/hans-pettersson"
"1879";"https://www.eliteprospects.com/player/1879/per-ljusterang"
"1561";"https://www.eliteprospects.com/player/1561/kent-erik-andersson"
"1682";"https://www.eliteprospects.com/player/1682/staffan-lund"
"1503";"https://www.eliteprospects.com/player/1503/lars-karlsson"
"2865";"https://www.eliteprospects.com/player/2865/anders-svensson"
"2861";"https://www.eliteprospects.com/player/2861/per-karlsson"
"41419";"https://www.eliteprospects.com/player/41419/jari-lindgren"
"2980";"https://www.eliteprospects.com/player/2980/veli-matti-ruisma"
"2971";"https://www.eliteprospects.com/player/2971/lars-goran-niemi"
"2914";"https://www.eliteprospects.com/player/2914/roger-mikko"
"1861";"https://www.eliteprospects.com/player/1861/johan-stromwall"
"2977";"https://www.eliteprospects.com/player/2977/kari-heikkila"
"1563";"https://www.eliteprospects.com/player/1563/lars-lindgren"
"2970";"https://www.eliteprospects.com/player/2970/bo-eriksson"
"2981";"https://www.eliteprospects.com/player/2981/rolf-karlsson"
"2982";"https://www.eliteprospects.com/player/2982/thomas-backstrom"
"2975";"https://www.eliteprospects.com/player/2975/matz-oman"
"1882";"https://www.eliteprospects.com/player/1882/petter-antti"
"2978";"https://www.eliteprospects.com/player/2978/ingemar-mikko"
"96557";"https://www.eliteprospects.com/player/96557/jan-nilsson"
"96549";"https://www.eliteprospects.com/player/96549/torbjorn-virf"
"2974";"https://www.eliteprospects.com/player/2974/kjell-ake-johansson"
"1867";"https://www.eliteprospects.com/player/1867/robert-skoog"
"1832";"https://www.eliteprospects.com/player/1832/lars-ivarsson"
"2730";"https://www.eliteprospects.com/player/2730/owe-eriksson"
"2728";"https://www.eliteprospects.com/player/2728/lars-andersson"
"1498";"https://www.eliteprospects.com/player/1498/per-schederin"
"2732";"https://www.eliteprospects.com/player/2732/per-jernberg"
"1618";"https://www.eliteprospects.com/player/1618/heinz-ehlers"
"2942";"https://www.eliteprospects.com/player/2942/hannu-oksanen"
"2940";"https://www.eliteprospects.com/player/2940/jan-segersten"
"2933";"https://www.eliteprospects.com/player/2933/carl-erik-larsson"
"2937";"https://www.eliteprospects.com/player/2937/jens-christiansson"
"2939";"https://www.eliteprospects.com/player/2939/jussi-lepisto"
"2150";"https://www.eliteprospects.com/player/2150/stefan-nilsson"
"405172";"https://www.eliteprospects.com/player/405172/mats-andersson"
"3170";"https://www.eliteprospects.com/player/3170/odd-nilsson"
"1610";"https://www.eliteprospects.com/player/1610/tony-barthelsson"
"3171";"https://www.eliteprospects.com/player/3171/roger-hellgren"
"3173";"https://www.eliteprospects.com/player/3173/per-backe"
"3172";"https://www.eliteprospects.com/player/3172/harri-tiala"
"1497";"https://www.eliteprospects.com/player/1497/tommy-hedlund"
"3097";"https://www.eliteprospects.com/player/3097/stefan-sandin"
"118934";"https://www.eliteprospects.com/player/118934/peter-zetterholm"
"118933";"https://www.eliteprospects.com/player/118933/tommy-heinonen"
"3402";"https://www.eliteprospects.com/player/3402/hans-nilsson"
"3400";"https://www.eliteprospects.com/player/3400/mats-lundmark"
"122488";"https://www.eliteprospects.com/player/122488/ulf-lindblom"
"122489";"https://www.eliteprospects.com/player/122489/lars-holm"
"61410";"https://www.eliteprospects.com/player/61410/timo-salomaa"
"3112";"https://www.eliteprospects.com/player/3112/bjorn-berggren"
"3116";"https://www.eliteprospects.com/player/3116/ulf-andersson"
"3121";"https://www.eliteprospects.com/player/3121/carsten-bokstrom"
"21616";"https://www.eliteprospects.com/player/21616/tomas-berg"
"316326";"https://www.eliteprospects.com/player/316326/tomas-axh"
"315856";"https://www.eliteprospects.com/player/315856/johan-abrahamsson"
"636296";"https://www.eliteprospects.com/player/636296/bo-ohlen"
"636018";"https://www.eliteprospects.com/player/636018/magnus-ahlin"
"1684";"https://www.eliteprospects.com/player/1684/mikael-holmberg"
"1493";"https://www.eliteprospects.com/player/1493/bo-svanberg"
"1639";"https://www.eliteprospects.com/player/1639/thomas-tallberg"
"96166";"https://www.eliteprospects.com/player/96166/christer-thag"
"581014";"https://www.eliteprospects.com/player/581014/anders-frojd"
"3060";"https://www.eliteprospects.com/player/3060/jari-luoma"
"2801";"https://www.eliteprospects.com/player/2801/hans-wallin"
"1823";"https://www.eliteprospects.com/player/1823/thomas-ljungbergh"
"1824";"https://www.eliteprospects.com/player/1824/ove-thornberg"
"2901";"https://www.eliteprospects.com/player/2901/thomas-lindster"
"1479";"https://www.eliteprospects.com/player/1479/peter-eriksson"
"1831";"https://www.eliteprospects.com/player/1831/klas-heed"
"1815";"https://www.eliteprospects.com/player/1815/stefan-falk"
"2907";"https://www.eliteprospects.com/player/2907/kevin-beaton"
"2902";"https://www.eliteprospects.com/player/2902/jan-hedell"
"2904";"https://www.eliteprospects.com/player/2904/per-martinsson"
"2894";"https://www.eliteprospects.com/player/2894/nils-gunnar-svensson"
"2899";"https://www.eliteprospects.com/player/2899/bert-roland-naslund"
"2908";"https://www.eliteprospects.com/player/2908/uno-johansson"
"118869";"https://www.eliteprospects.com/player/118869/peter-ottosson"
"2906";"https://www.eliteprospects.com/player/2906/thomas-javeblad"
"2897";"https://www.eliteprospects.com/player/2897/claes-heljemo"
"1500";"https://www.eliteprospects.com/player/1500/joakim-pehrson"
"2725";"https://www.eliteprospects.com/player/2725/jan-ove-mettavainio"
"692";"https://www.eliteprospects.com/player/692/ulf-dahlen"
"41974";"https://www.eliteprospects.com/player/41974/magnus-andersson"
"1869";"https://www.eliteprospects.com/player/1869/lars-hurtig"
"2967";"https://www.eliteprospects.com/player/2967/juha-nurmi"
"2938";"https://www.eliteprospects.com/player/2938/leif-eriksson"
"10462";"https://www.eliteprospects.com/player/10462/ola-sundberg"
"2771";"https://www.eliteprospects.com/player/2771/rickard-rauge"
"96581";"https://www.eliteprospects.com/player/96581/stefan-ivarsson"
"2993";"https://www.eliteprospects.com/player/2993/pekka-arbelius"
"3000";"https://www.eliteprospects.com/player/3000/thomas-janse"
"2992";"https://www.eliteprospects.com/player/2992/robert-tedenby"
"1505";"https://www.eliteprospects.com/player/1505/tommy-eriksson"
"1502";"https://www.eliteprospects.com/player/1502/urban-nordin"
"1931";"https://www.eliteprospects.com/player/1931/goran-arnmark"
"3174";"https://www.eliteprospects.com/player/3174/jari-munck"
"832";"https://www.eliteprospects.com/player/832/patrik-lundback"
"3288";"https://www.eliteprospects.com/player/3288/niclas-holmgren"
"328081";"https://www.eliteprospects.com/player/328081/anders-bergstrom"
"328099";"https://www.eliteprospects.com/player/328099/anders-morin"
"2968";"https://www.eliteprospects.com/player/2968/vesa-kangas"
"100284";"https://www.eliteprospects.com/player/100284/stefan-berggren"
"169";"https://www.eliteprospects.com/player/169/olov-modig"
"585447";"https://www.eliteprospects.com/player/585447/margus-vohrmann"
"2898";"https://www.eliteprospects.com/player/2898/peter-eriksson"
"2905";"https://www.eliteprospects.com/player/2905/torgny-karlsson"
"2896";"https://www.eliteprospects.com/player/2896/stefan-nilsson"
"2895";"https://www.eliteprospects.com/player/2895/claes-roupe"
"83757";"https://www.eliteprospects.com/player/83757/niklas-karlsson"
"2727";"https://www.eliteprospects.com/player/2727/anders-ivarsson"
"142405";"https://www.eliteprospects.com/player/142405/patrik-andersson"
"2721";"https://www.eliteprospects.com/player/2721/jan-erik-stormqvist"
"100285";"https://www.eliteprospects.com/player/100285/mats-jonsson"
"2000";"https://www.eliteprospects.com/player/2000/patrik-olsson"
"112076";"https://www.eliteprospects.com/player/112076/christer-lundkvist"
"3063";"https://www.eliteprospects.com/player/3063/jan-loob"
"2934";"https://www.eliteprospects.com/player/2934/peter-imhauser"
"2932";"https://www.eliteprospects.com/player/2932/bengt-ake-pers"
"15428";"https://www.eliteprospects.com/player/15428/magnus-eriksson"
"3408";"https://www.eliteprospects.com/player/3408/randy-heath"
"1880";"https://www.eliteprospects.com/player/1880/hans-hjalmar"
"3409";"https://www.eliteprospects.com/player/3409/serge-roy"
"1431";"https://www.eliteprospects.com/player/1431/robert-larsson"
"122493";"https://www.eliteprospects.com/player/122493/mikael-backlund"
"2991";"https://www.eliteprospects.com/player/2991/jouko-narvanmaa"
"2994";"https://www.eliteprospects.com/player/2994/peter-smedberg"
"2984";"https://www.eliteprospects.com/player/2984/mikael-stahl"
"1477";"https://www.eliteprospects.com/player/1477/ulf-sandstrom"
"100286";"https://www.eliteprospects.com/player/100286/mikael-pettersson"
"2763";"https://www.eliteprospects.com/player/2763/bengt-akerblom"
"1653";"https://www.eliteprospects.com/player/1653/magnus-jansson"
"1468";"https://www.eliteprospects.com/player/1468/tommy-soderstrom"
"3289";"https://www.eliteprospects.com/player/3289/erik-kristiansen"
"3290";"https://www.eliteprospects.com/player/3290/age-ellingsen"
"3291";"https://www.eliteprospects.com/player/3291/mikael-pauna"
"1872";"https://www.eliteprospects.com/player/1872/patrik-hoglund"
"2931";"https://www.eliteprospects.com/player/2931/anders-broms"
"1491";"https://www.eliteprospects.com/player/1491/staffan-malmqvist"
"15429";"https://www.eliteprospects.com/player/15429/anders-pettersson"
"1913";"https://www.eliteprospects.com/player/1913/timo-blomqvist"
"2988";"https://www.eliteprospects.com/player/2988/patrik-soderholm"
"237843";"https://www.eliteprospects.com/player/237843/ove-soderberg"
"578488";"https://www.eliteprospects.com/player/578488/tommy-soderberg"
"2881";"https://www.eliteprospects.com/player/2881/lennart-andersson"
"87697";"https://www.eliteprospects.com/player/87697/jonas-karlsson"
"2900";"https://www.eliteprospects.com/player/2900/reijo-ruotsalainen"
"1544";"https://www.eliteprospects.com/player/1544/thomas-gradin"
"3175";"https://www.eliteprospects.com/player/3175/per-hanberg"
"3176";"https://www.eliteprospects.com/player/3176/magnus-andersson"
"118946";"https://www.eliteprospects.com/player/118946/jonas-karlsson"
"41418";"https://www.eliteprospects.com/player/41418/fredrik-mikko"
"1568";"https://www.eliteprospects.com/player/1568/willy-lindstrom"
"1645";"https://www.eliteprospects.com/player/1645/johan-brummer"
"1575";"https://www.eliteprospects.com/player/1575/peter-gustafsson"
"1640";"https://www.eliteprospects.com/player/1640/mikael-enander"
"3403";"https://www.eliteprospects.com/player/3403/kari-jalonen"
"2002";"https://www.eliteprospects.com/player/2002/daniel-pettersson"
"3094";"https://www.eliteprospects.com/player/3094/tord-engdahl"
"120868";"https://www.eliteprospects.com/player/120868/arto-heinola"
"3095";"https://www.eliteprospects.com/player/3095/per-bergman"
"3096";"https://www.eliteprospects.com/player/3096/jonas-palmang"
"3098";"https://www.eliteprospects.com/player/3098/claes-gustafsson"
"3101";"https://www.eliteprospects.com/player/3101/mikael-winneroth"
"3099";"https://www.eliteprospects.com/player/3099/kenneth-lindqvist"
"3102";"https://www.eliteprospects.com/player/3102/anders-lindberg"
"3100";"https://www.eliteprospects.com/player/3100/hans-rickard-andersson"
"3105";"https://www.eliteprospects.com/player/3105/urban-jakobsson"
"3103";"https://www.eliteprospects.com/player/3103/johan-lundqvist"
"3104";"https://www.eliteprospects.com/player/3104/mats-poppler"
"3106";"https://www.eliteprospects.com/player/3106/jens-ivar-mackegard"
"3107";"https://www.eliteprospects.com/player/3107/anders-hultin"
"3108";"https://www.eliteprospects.com/player/3108/stefan-sohlin"
"3109";"https://www.eliteprospects.com/player/3109/jorgen-larsson"
"119912";"https://www.eliteprospects.com/player/119912/kenneth-johansson"
"1543";"https://www.eliteprospects.com/player/1543/kent-nilsson"
"1471";"https://www.eliteprospects.com/player/1471/kenneth-kennholt"
"2760";"https://www.eliteprospects.com/player/2760/ola-andersson"
"1652";"https://www.eliteprospects.com/player/1652/ola-josefsson"
"10358";"https://www.eliteprospects.com/player/10358/peder-andersson"
"582407";"https://www.eliteprospects.com/player/582407/stefan-johansson"
"15433";"https://www.eliteprospects.com/player/15433/hans-jones"
"443555";"https://www.eliteprospects.com/player/443555/nicklas-winborg"
"1876";"https://www.eliteprospects.com/player/1876/timo-jutila"
"18736";"https://www.eliteprospects.com/player/18736/patrik-karlsson"
"401275";"https://www.eliteprospects.com/player/401275/christer-steen"
"2859";"https://www.eliteprospects.com/player/2859/peter-eriksson"
"1686";"https://www.eliteprospects.com/player/1686/jorgen-ryden"
"1642";"https://www.eliteprospects.com/player/1642/nikolai-davydkin"
"142406";"https://www.eliteprospects.com/player/142406/magnus-asberg"
"16015";"https://www.eliteprospects.com/player/16015/fredrik-velander"
"720";"https://www.eliteprospects.com/player/720/patric-kjellberg"
"1830";"https://www.eliteprospects.com/player/1830/eddy-eriksson"
"828";"https://www.eliteprospects.com/player/828/patrik-ross"
"112485";"https://www.eliteprospects.com/player/112485/maths-carlgren"
"118874";"https://www.eliteprospects.com/player/118874/rickard-johansson"
"118875";"https://www.eliteprospects.com/player/118875/mats-karlsson"
"2990";"https://www.eliteprospects.com/player/2990/kent-norberg"
"2987";"https://www.eliteprospects.com/player/2987/tony-olofsson"
"1998";"https://www.eliteprospects.com/player/1998/hakan-stromqvist"
"3406";"https://www.eliteprospects.com/player/3406/jan-johansson"
"3404";"https://www.eliteprospects.com/player/3404/leif-johansson"
"122494";"https://www.eliteprospects.com/player/122494/fredrik-kariander"
"122495";"https://www.eliteprospects.com/player/122495/peder-pettersson"
"1138";"https://www.eliteprospects.com/player/1138/par-mikaelsson"
"122496";"https://www.eliteprospects.com/player/122496/johan-eriksson"
"2141";"https://www.eliteprospects.com/player/2141/dick-andersson"
"119614";"https://www.eliteprospects.com/player/119614/jonas-jennerstig"
"119838";"https://www.eliteprospects.com/player/119838/urban-eriksson"
"122497";"https://www.eliteprospects.com/player/122497/niclas-vikstrom"
"1870";"https://www.eliteprospects.com/player/1870/tomas-lilja"
"2157";"https://www.eliteprospects.com/player/2157/joakim-lundholm"
"2158";"https://www.eliteprospects.com/player/2158/tore-lindgren"
"2155";"https://www.eliteprospects.com/player/2155/ronny-hansen"
"722";"https://www.eliteprospects.com/player/722/nicklas-lidstrom"
"3410";"https://www.eliteprospects.com/player/3410/magnus-wallin"
"729";"https://www.eliteprospects.com/player/729/fredrik-nilsson"
"716";"https://www.eliteprospects.com/player/716/patrik-juhlin"
"1927";"https://www.eliteprospects.com/player/1927/henrik-arvsell"
"2160";"https://www.eliteprospects.com/player/2160/par-hellenberg"
"3292";"https://www.eliteprospects.com/player/3292/roger-forsberg"
"3293";"https://www.eliteprospects.com/player/3293/joel-paunio"
"3295";"https://www.eliteprospects.com/player/3295/fredrik-holmner"
"157982";"https://www.eliteprospects.com/player/157982/glenn-lanver"
"3294";"https://www.eliteprospects.com/player/3294/stefan-lindqvist"
"1999";"https://www.eliteprospects.com/player/1999/mikael-haggstrom"
"315019";"https://www.eliteprospects.com/player/315019/anders-nilsson"
"1539";"https://www.eliteprospects.com/player/1539/bengt-ake-gustafsson"
"401128";"https://www.eliteprospects.com/player/401128/per-karlsson"
"15464";"https://www.eliteprospects.com/player/15464/per-widmark"
"467";"https://www.eliteprospects.com/player/467/mats-sundin"
"1659";"https://www.eliteprospects.com/player/1659/johan-kejnemar"
"1027";"https://www.eliteprospects.com/player/1027/joakim-persson"
"1868";"https://www.eliteprospects.com/player/1868/erik-granqvist"
"2722";"https://www.eliteprospects.com/player/2722/tomas-olund"
"1644";"https://www.eliteprospects.com/player/1644/urban-molander"
"2930";"https://www.eliteprospects.com/player/2930/richard-kromm"
"1367";"https://www.eliteprospects.com/player/1367/johan-silfwerplatz"
"172116";"https://www.eliteprospects.com/player/172116/bjorn-eide"
"109373";"https://www.eliteprospects.com/player/109373/joakim-skold"
"2118";"https://www.eliteprospects.com/player/2118/anders-loob"
"2106";"https://www.eliteprospects.com/player/2106/miskhat-fakhrutdinov"
"1469";"https://www.eliteprospects.com/player/1469/henrik-andersson"
"1995";"https://www.eliteprospects.com/player/1995/pierre-ivarsson"
"3177";"https://www.eliteprospects.com/player/3177/alexander-kozhevnikov"
"99125";"https://www.eliteprospects.com/player/99125/peter-johansson"
"1836";"https://www.eliteprospects.com/player/1836/rick-erdall"
"2893";"https://www.eliteprospects.com/player/2893/ivan-avdeyev"
"2890";"https://www.eliteprospects.com/player/2890/tommy-fritz"
"118876";"https://www.eliteprospects.com/player/118876/pether-nork"
"18729";"https://www.eliteprospects.com/player/18729/mats-nilsson"
"2162";"https://www.eliteprospects.com/player/2162/paul-andersson-everberg"
"2810";"https://www.eliteprospects.com/player/2810/per-lundberg"
"81750";"https://www.eliteprospects.com/player/81750/jorgen-sjalin"
"3405";"https://www.eliteprospects.com/player/3405/pekka-jarvela"
"3407";"https://www.eliteprospects.com/player/3407/kari-yli-maenpaa"
"7987";"https://www.eliteprospects.com/player/7987/jorgen-wannstrom"
"120872";"https://www.eliteprospects.com/player/120872/fredrik-soderlund"
"122498";"https://www.eliteprospects.com/player/122498/peter-hansson"
"2222";"https://www.eliteprospects.com/player/2222/dick-burlin"
"1656";"https://www.eliteprospects.com/player/1656/per-nygards"
"41281";"https://www.eliteprospects.com/player/41281/johan-lindstedt"
"1685";"https://www.eliteprospects.com/player/1685/jim-leavins"
"122265";"https://www.eliteprospects.com/player/122265/christian-helgesson"
"401205";"https://www.eliteprospects.com/player/401205/peter-hermansson"
"1877";"https://www.eliteprospects.com/player/1877/pauli-jarvinen"
"192127";"https://www.eliteprospects.com/player/192127/daniel-svanberg"
"1137";"https://www.eliteprospects.com/player/1137/henrik-pettersson"
"287781";"https://www.eliteprospects.com/player/287781/mattias-helsing"
"1892";"https://www.eliteprospects.com/player/1892/raimo-helminen"
"1904";"https://www.eliteprospects.com/player/1904/patrik-sylvegard"
"1338";"https://www.eliteprospects.com/player/1338/johan-salle"
"1914";"https://www.eliteprospects.com/player/1914/lennart-hermansson"
"1464";"https://www.eliteprospects.com/player/1464/jonas-hakansson"
"4122";"https://www.eliteprospects.com/player/4122/fredrik-johansson"
"760";"https://www.eliteprospects.com/player/760/roger-nordstrom"
"1833";"https://www.eliteprospects.com/player/1833/risto-kurkinen"
"1829";"https://www.eliteprospects.com/player/1829/dennis-strom"
"2891";"https://www.eliteprospects.com/player/2891/jonas-jonsson"
"1827";"https://www.eliteprospects.com/player/1827/torbjorn-persson"
"118877";"https://www.eliteprospects.com/player/118877/jonas-gustafsson"
"891";"https://www.eliteprospects.com/player/891/andreas-schultz"
"118878";"https://www.eliteprospects.com/player/118878/albert-sculac-edmark"
"979";"https://www.eliteprospects.com/player/979/bert-olav-karlsson"
"21524";"https://www.eliteprospects.com/player/21524/crister-ljungbergh"
"35250";"https://www.eliteprospects.com/player/35250/mattias-kit"
"636374";"https://www.eliteprospects.com/player/636374/magnus-sjostrand"
"636375";"https://www.eliteprospects.com/player/636375/magnus-lindberg"
"8511";"https://www.eliteprospects.com/player/8511/brad-berry"
"7831";"https://www.eliteprospects.com/player/7831/fredrik-danell"
"1617";"https://www.eliteprospects.com/player/1617/petter-salsten"
"1038";"https://www.eliteprospects.com/player/1038/fredrik-lundin"
"137976";"https://www.eliteprospects.com/player/137976/robert-lindqvist"
"1417";"https://www.eliteprospects.com/player/1417/peter-johansson"
"1991";"https://www.eliteprospects.com/player/1991/ronny-karlsson"
"2986";"https://www.eliteprospects.com/player/2986/ari-salo"
"577774";"https://www.eliteprospects.com/player/577774/fredrik-larsson"
"905";"https://www.eliteprospects.com/player/905/roger-hansson"
"120783";"https://www.eliteprospects.com/player/120783/ted-lindstrand"
"1911";"https://www.eliteprospects.com/player/1911/johan-mansson"
"1871";"https://www.eliteprospects.com/player/1871/mikael-engstrom"
"1875";"https://www.eliteprospects.com/player/1875/niclas-bjornfot"
"1881";"https://www.eliteprospects.com/player/1881/peter-sundh"
"578441";"https://www.eliteprospects.com/player/578441/michael-lindgren"
"422530";"https://www.eliteprospects.com/player/422530/henrik-espe"
"1654";"https://www.eliteprospects.com/player/1654/erik-huusko"
"2889";"https://www.eliteprospects.com/player/2889/ronnie-nilsson"
"118879";"https://www.eliteprospects.com/player/118879/martin-danielsson"
"37374";"https://www.eliteprospects.com/player/37374/anders-malm"
"41255";"https://www.eliteprospects.com/player/41255/edvard-lindersson"
"331";"https://www.eliteprospects.com/player/331/patrik-ulin"
"104528";"https://www.eliteprospects.com/player/104528/niclas-lundberg"
"118967";"https://www.eliteprospects.com/player/118967/hans-lahteenmaki"
"1926";"https://www.eliteprospects.com/player/1926/miloslav-horava"
"2131";"https://www.eliteprospects.com/player/2131/ola-hedqvist"
"1928";"https://www.eliteprospects.com/player/1928/anders-nasstrom"
"104525";"https://www.eliteprospects.com/player/104525/peter-karlsson"
"121570";"https://www.eliteprospects.com/player/121570/par-edin"
"5270";"https://www.eliteprospects.com/player/5270/joakim-andersson"
"287778";"https://www.eliteprospects.com/player/287778/roger-karlsson"
"1909";"https://www.eliteprospects.com/player/1909/robert-svehla"
"5898";"https://www.eliteprospects.com/player/5898/andreas-larsson"
"1371";"https://www.eliteprospects.com/player/1371/daniel-granqvist"
"109453";"https://www.eliteprospects.com/player/109453/per-rosenqvist"
"120784";"https://www.eliteprospects.com/player/120784/terje-johansson"
"1461";"https://www.eliteprospects.com/player/1461/anders-myrvold"
"770";"https://www.eliteprospects.com/player/770/bjorn-eriksson"
"772";"https://www.eliteprospects.com/player/772/per-sveder"
"119832";"https://www.eliteprospects.com/player/119832/henrik-nordin"
"1741";"https://www.eliteprospects.com/player/1741/mika-nieminen"
"1874";"https://www.eliteprospects.com/player/1874/ville-siren"
"1364";"https://www.eliteprospects.com/player/1364/joakim-gunler"
"330";"https://www.eliteprospects.com/player/330/emil-skoglund"
"8496";"https://www.eliteprospects.com/player/8496/mattias-kusgard"
"1850";"https://www.eliteprospects.com/player/1850/shin-larsson"
"480";"https://www.eliteprospects.com/player/480/johan-hedberg"
"41280";"https://www.eliteprospects.com/player/41280/jerry-friman"
"1019";"https://www.eliteprospects.com/player/1019/mathias-hallback"
"5847";"https://www.eliteprospects.com/player/5847/david-kangas"
"1615";"https://www.eliteprospects.com/player/1615/tony-skopac"
"1264";"https://www.eliteprospects.com/player/1264/jonas-forsberg"
"1828";"https://www.eliteprospects.com/player/1828/kamil-kastak"
"1825";"https://www.eliteprospects.com/player/1825/antonin-stavjana"
"21970";"https://www.eliteprospects.com/player/21970/kristian-just-petersen"
"889";"https://www.eliteprospects.com/player/889/tomas-bjornstrom"
"2148";"https://www.eliteprospects.com/player/2148/igor-stelnov"
"65213";"https://www.eliteprospects.com/player/65213/rikard-gronborg"
"89982";"https://www.eliteprospects.com/player/89982/anders-claesson"
"27122";"https://www.eliteprospects.com/player/27122/ola-boos"
"91287";"https://www.eliteprospects.com/player/91287/stefan-mansson"
"2152";"https://www.eliteprospects.com/player/2152/tord-elvenes"
"120356";"https://www.eliteprospects.com/player/120356/peter-wennberg"
"2151";"https://www.eliteprospects.com/player/2151/billy-nilsson"
"91304";"https://www.eliteprospects.com/player/91304/orjan-jacobsson"
"1846";"https://www.eliteprospects.com/player/1846/peter-ciavaglia"
"1385";"https://www.eliteprospects.com/player/1385/niklas-nordqvist"
"1398";"https://www.eliteprospects.com/player/1398/tony-malm"
"15465";"https://www.eliteprospects.com/player/15465/mischa-reichel"
"7975";"https://www.eliteprospects.com/player/7975/branislav-janos"
"1641";"https://www.eliteprospects.com/player/1641/max-wikman"
"8510";"https://www.eliteprospects.com/player/8510/leonid-fatikov"
"1910";"https://www.eliteprospects.com/player/1910/mikko-makela"
"698";"https://www.eliteprospects.com/player/698/kim-johnsson"
"1806";"https://www.eliteprospects.com/player/1806/vladimir-kramskoy"
"590626";"https://www.eliteprospects.com/player/590626/rickard-sohrman"
"636999";"https://www.eliteprospects.com/player/636999/daniel-klinga"
"41423";"https://www.eliteprospects.com/player/41423/benny-johnsson"
"91292";"https://www.eliteprospects.com/player/91292/mattias-olivestedt"
"5049";"https://www.eliteprospects.com/player/5049/mikael-johansson"
"1816";"https://www.eliteprospects.com/player/1816/alexei-salomatin"
"1726";"https://www.eliteprospects.com/player/1726/dan-johansson"
"2167";"https://www.eliteprospects.com/player/2167/peter-thorsson"
"1165";"https://www.eliteprospects.com/player/1165/per-gustafsson"
"1400";"https://www.eliteprospects.com/player/1400/marcus-ramen"
"1990";"https://www.eliteprospects.com/player/1990/fredrik-lind"
"41421";"https://www.eliteprospects.com/player/41421/henrik-burstrom"
"83246";"https://www.eliteprospects.com/player/83246/mikael-svensson"
"1826";"https://www.eliteprospects.com/player/1826/john-byce"
"1819";"https://www.eliteprospects.com/player/1819/hans-abrahamsson"
"771";"https://www.eliteprospects.com/player/771/kristofer-naslund"
"1873";"https://www.eliteprospects.com/player/1873/anders-lindqvist"
"5841";"https://www.eliteprospects.com/player/5841/anders-larsson"
"5842";"https://www.eliteprospects.com/player/5842/joakim-andersson"
"5814";"https://www.eliteprospects.com/player/5814/jonas-borgar"
"1897";"https://www.eliteprospects.com/player/1897/tero-lehtera"
"1279";"https://www.eliteprospects.com/player/1279/mikael-burakovsky"
"1337";"https://www.eliteprospects.com/player/1337/patrik-boij"
"989";"https://www.eliteprospects.com/player/989/jakob-gunler"
"947";"https://www.eliteprospects.com/player/947/erik-nilsen"
"117717";"https://www.eliteprospects.com/player/117717/henrik-ellert"
"120034";"https://www.eliteprospects.com/player/120034/torbjorn-rosengren"
"1843";"https://www.eliteprospects.com/player/1843/andrew-schneider"
"1845";"https://www.eliteprospects.com/player/1845/jergus-baca"
"6657";"https://www.eliteprospects.com/player/6657/tobias-jahr"
"865";"https://www.eliteprospects.com/player/865/jonas-nilsson"
"55434";"https://www.eliteprospects.com/player/55434/andreas-ost"
"866";"https://www.eliteprospects.com/player/866/henrik-persson"
"5186";"https://www.eliteprospects.com/player/5186/anders-kostenius"
"1276";"https://www.eliteprospects.com/player/1276/per-ragnar-bergkvist"
"14468";"https://www.eliteprospects.com/player/14468/sergei-pushkov"
"2103";"https://www.eliteprospects.com/player/2103/jorgen-wahlberg"
"1432";"https://www.eliteprospects.com/player/1432/stefan-nilsson"
"1678";"https://www.eliteprospects.com/player/1678/olli-kaski"
"809";"https://www.eliteprospects.com/player/809/jan-labraaten"
"2163";"https://www.eliteprospects.com/player/2163/jarmo-kekalainen"
"126375";"https://www.eliteprospects.com/player/126375/roger-boije"
"287782";"https://www.eliteprospects.com/player/287782/magnus-wennerlund"
"109657";"https://www.eliteprospects.com/player/109657/kristoffer-vidmo"
"2164";"https://www.eliteprospects.com/player/2164/erik-bergstrom"
"1737";"https://www.eliteprospects.com/player/1737/esa-keskinen"
"1740";"https://www.eliteprospects.com/player/1740/marko-palo"
"1613";"https://www.eliteprospects.com/player/1613/brett-hauer"
"1600";"https://www.eliteprospects.com/player/1600/peter-wallin"
"1330";"https://www.eliteprospects.com/player/1330/johan-olsson"
"97638";"https://www.eliteprospects.com/player/97638/dan-tangring"
"118953";"https://www.eliteprospects.com/player/118953/jimmy-karlborg"
"1890";"https://www.eliteprospects.com/player/1890/jiri-vykoukal"
"137321";"https://www.eliteprospects.com/player/137321/andreas-olsson"
"747";"https://www.eliteprospects.com/player/747/john-wikstrom"
"1802";"https://www.eliteprospects.com/player/1802/christian-ruuttu"
"1797";"https://www.eliteprospects.com/player/1797/petteri-nummelin"
"108109";"https://www.eliteprospects.com/player/108109/jan-wikstrom"
"1676";"https://www.eliteprospects.com/player/1676/vitali-prokhorov"
"1675";"https://www.eliteprospects.com/player/1675/markus-ketterer"
"1698";"https://www.eliteprospects.com/player/1698/kai-nurminen"
"1821";"https://www.eliteprospects.com/player/1821/vesa-salo"
"2119";"https://www.eliteprospects.com/player/2119/magnus-eliasson"
"908";"https://www.eliteprospects.com/player/908/niklas-karmhag"
"18579";"https://www.eliteprospects.com/player/18579/bjarne-levison"
"3723";"https://www.eliteprospects.com/player/3723/tommy-jakobsen"
"928";"https://www.eliteprospects.com/player/928/fredrik-loven"
"1022";"https://www.eliteprospects.com/player/1022/stefan-bjork"
"1395";"https://www.eliteprospects.com/player/1395/johan-eriksson"
"1908";"https://www.eliteprospects.com/player/1908/ilya-byakin"
"8507";"https://www.eliteprospects.com/player/8507/brian-mcreynolds"
"1734";"https://www.eliteprospects.com/player/1734/daniel-hallstrom"
"1894";"https://www.eliteprospects.com/player/1894/erik-hamalainen"
"1608";"https://www.eliteprospects.com/player/1608/juha-jokiharju"
"64701";"https://www.eliteprospects.com/player/64701/stefan-andersson"
"118969";"https://www.eliteprospects.com/player/118969/kenny-wikman"
"83404";"https://www.eliteprospects.com/player/83404/mikael-nilsson"
"118968";"https://www.eliteprospects.com/player/118968/adrian-cermeno"
"1318";"https://www.eliteprospects.com/player/1318/roger-rosen"
"1221";"https://www.eliteprospects.com/player/1221/andrei-lyulin"
"274230";"https://www.eliteprospects.com/player/274230/andrei-korolyov"
"1215";"https://www.eliteprospects.com/player/1215/tobias-lilja"
"1413";"https://www.eliteprospects.com/player/1413/fredrik-ytfeldt"
"1747";"https://www.eliteprospects.com/player/1747/mathias-olsson"
"957";"https://www.eliteprospects.com/player/957/emanuel-fredriksson"
"55433";"https://www.eliteprospects.com/player/55433/martin-jerstrom"
"1862";"https://www.eliteprospects.com/player/1862/mika-alatalo"
"1864";"https://www.eliteprospects.com/player/1864/jokke-heinanen"
"1865";"https://www.eliteprospects.com/player/1865/alexander-vinogradov"
"1866";"https://www.eliteprospects.com/player/1866/joni-lehto"
"1863";"https://www.eliteprospects.com/player/1863/sergei-bautin"
"8025";"https://www.eliteprospects.com/player/8025/erik-wanhatalo"
"10469";"https://www.eliteprospects.com/player/10469/niklas-eriksson"
"1860";"https://www.eliteprospects.com/player/1860/magnus-boman"
"988";"https://www.eliteprospects.com/player/988/erik-wikstrom"
"1859";"https://www.eliteprospects.com/player/1859/nicklas-pallin"
"4711";"https://www.eliteprospects.com/player/4711/johan-oman"
"1661";"https://www.eliteprospects.com/player/1661/niklas-sjokvist"
"1672";"https://www.eliteprospects.com/player/1672/mark-pederson"
"1673";"https://www.eliteprospects.com/player/1673/vyacheslav-butsayev"
"1669";"https://www.eliteprospects.com/player/1669/atle-olsen"
"1674";"https://www.eliteprospects.com/player/1674/pat-macleod"
"1935";"https://www.eliteprospects.com/player/1935/marko-virtanen"
"2558";"https://www.eliteprospects.com/player/2558/thomas-lundstrom"
"1470";"https://www.eliteprospects.com/player/1470/johan-englund"
"35005";"https://www.eliteprospects.com/player/35005/anders-johansson"
"33016";"https://www.eliteprospects.com/player/33016/ola-persson"
"1426";"https://www.eliteprospects.com/player/1426/daniel-carlsson"
"1274";"https://www.eliteprospects.com/player/1274/ola-sandberg"
"3320";"https://www.eliteprospects.com/player/3320/veli-pekka-kautonen"
"1607";"https://www.eliteprospects.com/player/1607/martin-prochazka"
"1604";"https://www.eliteprospects.com/player/1604/otakar-vejvoda"
"33135";"https://www.eliteprospects.com/player/33135/jarmo-kuusisto"
"1609";"https://www.eliteprospects.com/player/1609/esa-tommila"
"5828";"https://www.eliteprospects.com/player/5828/timo-nykopp"
"5826";"https://www.eliteprospects.com/player/5826/daniel-lof"
"1073";"https://www.eliteprospects.com/player/1073/henrik-stjernlof"
"5824";"https://www.eliteprospects.com/player/5824/joakim-forsberg"
"2166";"https://www.eliteprospects.com/player/2166/kai-tervonen"
"939";"https://www.eliteprospects.com/player/939/johan-strom"
"944";"https://www.eliteprospects.com/player/944/magnus-svensson"
"1393";"https://www.eliteprospects.com/player/1393/henrik-nilsson"
"2541";"https://www.eliteprospects.com/player/2541/jimmy-lund"
"1820";"https://www.eliteprospects.com/player/1820/mika-manninen"
"118880";"https://www.eliteprospects.com/player/118880/bryan-schoen"
"1697";"https://www.eliteprospects.com/player/1697/joni-lius"
"1150";"https://www.eliteprospects.com/player/1150/mikael-tjallden"
"1801";"https://www.eliteprospects.com/player/1801/henrik-aaby"
"1800";"https://www.eliteprospects.com/player/1800/michel-picard"
"8509";"https://www.eliteprospects.com/player/8509/darren-boyko"
"1796";"https://www.eliteprospects.com/player/1796/mikael-parkell"
"8357";"https://www.eliteprospects.com/player/8357/fredrik-last"
"1896";"https://www.eliteprospects.com/player/1896/janne-ojanen"
"1903";"https://www.eliteprospects.com/player/1903/marko-kiprusoff"
"1905";"https://www.eliteprospects.com/player/1905/kari-harila"
"1018";"https://www.eliteprospects.com/player/1018/jonas-gothberg"
"1628";"https://www.eliteprospects.com/player/1628/yevgeni-davydov"
"1625";"https://www.eliteprospects.com/player/1625/teppo-kivela"
"1630";"https://www.eliteprospects.com/player/1630/dmitri-denisov"
"1631";"https://www.eliteprospects.com/player/1631/igor-boldin"
"4948";"https://www.eliteprospects.com/player/4948/thomas-fahlstedt"
"1627";"https://www.eliteprospects.com/player/1627/johan-hansson"
"2553";"https://www.eliteprospects.com/player/2553/roberth-pethman"
"846";"https://www.eliteprospects.com/player/846/fredrik-orrsten"
"907";"https://www.eliteprospects.com/player/907/jonas-stopfgeshoff"
"1072";"https://www.eliteprospects.com/player/1072/anders-hillstrom"
"1922";"https://www.eliteprospects.com/player/1922/rauli-raitanen"
"8513";"https://www.eliteprospects.com/player/8513/tommy-kiviaho"
"913";"https://www.eliteprospects.com/player/913/andreas-bystrom"
"718";"https://www.eliteprospects.com/player/718/mattias-karlin"
"35332";"https://www.eliteprospects.com/player/35332/magnus-astrom"
"1957";"https://www.eliteprospects.com/player/1957/andreas-pikwer"
"1938";"https://www.eliteprospects.com/player/1938/jiri-slegr"
"985";"https://www.eliteprospects.com/player/985/mats-diberius"
"121251";"https://www.eliteprospects.com/player/121251/mike-boback"
"1055";"https://www.eliteprospects.com/player/1055/ronny-bjorlin"
"1939";"https://www.eliteprospects.com/player/1939/kay-whitmore"
"42934";"https://www.eliteprospects.com/player/42934/fredrik-skoog"
"119856";"https://www.eliteprospects.com/player/119856/fredrik-hagberg"
"2165";"https://www.eliteprospects.com/player/2165/jarmo-muukkonen"
"1895";"https://www.eliteprospects.com/player/1895/harri-sillgren"
"1891";"https://www.eliteprospects.com/player/1891/sami-nuutinen"
"1900";"https://www.eliteprospects.com/player/1900/ari-pekka-siekkinen"
"374676";"https://www.eliteprospects.com/player/374676/richard-onnebro"
"1650";"https://www.eliteprospects.com/player/1650/lars-hallstrom"
"1668";"https://www.eliteprospects.com/player/1668/jaroslav-spacek"
"1670";"https://www.eliteprospects.com/player/1670/fredrik-ostlund"
"870";"https://www.eliteprospects.com/player/870/christian-magnusson"
"1671";"https://www.eliteprospects.com/player/1671/boris-rousson"
"1693";"https://www.eliteprospects.com/player/1693/patrik-aronsson"
"1326";"https://www.eliteprospects.com/player/1326/stefan-sterner"
"1075";"https://www.eliteprospects.com/player/1075/rickard-bergstrom"
"1230";"https://www.eliteprospects.com/player/1230/tobias-bossfall"
"1696";"https://www.eliteprospects.com/player/1696/ville-peltonen"
"4262";"https://www.eliteprospects.com/player/4262/henric-alfredsson"
"466";"https://www.eliteprospects.com/player/466/stefan-lundqvist"
"71212";"https://www.eliteprospects.com/player/71212/fredrik-wallstrom"
"2555";"https://www.eliteprospects.com/player/2555/daniel-hedberg"
"1920";"https://www.eliteprospects.com/player/1920/david-vyborny"
"1921";"https://www.eliteprospects.com/player/1921/ravil-yakubov"
"1506";"https://www.eliteprospects.com/player/1506/karl-helmersson"
"1817";"https://www.eliteprospects.com/player/1817/anatoli-fedotov"
"915";"https://www.eliteprospects.com/player/915/daniel-wallin"
"3340";"https://www.eliteprospects.com/player/3340/kari-takko"
"1152";"https://www.eliteprospects.com/player/1152/jens-nystrom"
"877";"https://www.eliteprospects.com/player/877/johan-bjornfot"
"1907";"https://www.eliteprospects.com/player/1907/marek-malik"
"1893";"https://www.eliteprospects.com/player/1893/pekka-kangasalusta"
"88712";"https://www.eliteprospects.com/player/88712/harri-suvanto"
"89859";"https://www.eliteprospects.com/player/89859/mika-arvaja"
"1906";"https://www.eliteprospects.com/player/1906/andrew-verner"
"1901";"https://www.eliteprospects.com/player/1901/jan-snopek"
"823";"https://www.eliteprospects.com/player/823/jens-loden"
"1603";"https://www.eliteprospects.com/player/1603/karri-kivi"
"5827";"https://www.eliteprospects.com/player/5827/john-sjolund"
"5823";"https://www.eliteprospects.com/player/5823/magnus-wandel"
"1429";"https://www.eliteprospects.com/player/1429/carl-carlsson"
"5354";"https://www.eliteprospects.com/player/5354/thomas-tonnerfors"
"777";"https://www.eliteprospects.com/player/777/sam-hallam"
"1605";"https://www.eliteprospects.com/player/1605/fredrik-soderstrom"
"8512";"https://www.eliteprospects.com/player/8512/kimmo-salminen"
"1936";"https://www.eliteprospects.com/player/1936/petr-korinek"
"4812";"https://www.eliteprospects.com/player/4812/mikael-johansson"
"2120";"https://www.eliteprospects.com/player/2120/andreas-aspblad"
"1902";"https://www.eliteprospects.com/player/1902/jan-alinc"
"826";"https://www.eliteprospects.com/player/826/henrik-melinder"
"926";"https://www.eliteprospects.com/player/926/petter-henning"
"1665";"https://www.eliteprospects.com/player/1665/dmitri-yerofeyev"
"6386";"https://www.eliteprospects.com/player/6386/thomas-waseby"
"1666";"https://www.eliteprospects.com/player/1666/kimmo-lecklin"
"1667";"https://www.eliteprospects.com/player/1667/sakari-lindfors"
"1399";"https://www.eliteprospects.com/player/1399/fredrik-malberg"
"1030";"https://www.eliteprospects.com/player/1030/niklas-barklund"
"17982";"https://www.eliteprospects.com/player/17982/alexander-betsikokos"
"892";"https://www.eliteprospects.com/player/892/henric-hoglund"
"1729";"https://www.eliteprospects.com/player/1729/dan-fredriksson"
"1840";"https://www.eliteprospects.com/player/1840/tobias-kock"
"1350";"https://www.eliteprospects.com/player/1350/andreas-custemo"
"896";"https://www.eliteprospects.com/player/896/andreas-westlund"
"1128";"https://www.eliteprospects.com/player/1128/karl-mattson"
"41277";"https://www.eliteprospects.com/player/41277/anders-vagfalvi"
"578379";"https://www.eliteprospects.com/player/578379/tomas-rask"
"1599";"https://www.eliteprospects.com/player/1599/jarkko-varvio"
"1016";"https://www.eliteprospects.com/player/1016/ari-turpeinen"
"1035";"https://www.eliteprospects.com/player/1035/daniel-karlunden"
"2168";"https://www.eliteprospects.com/player/2168/johan-lindblad"
"2128";"https://www.eliteprospects.com/player/2128/jukka-penttinen"
"2129";"https://www.eliteprospects.com/player/2129/stefan-mattsson"
"1247";"https://www.eliteprospects.com/player/1247/max-osterberg"
"2132";"https://www.eliteprospects.com/player/2132/niklas-odeblom"
"1898";"https://www.eliteprospects.com/player/1898/mikko-konttila"
"1956";"https://www.eliteprospects.com/player/1956/magnus-zirath"
"4252";"https://www.eliteprospects.com/player/4252/mikael-hammarstrom"
"1692";"https://www.eliteprospects.com/player/1692/pasi-saarela"
"1694";"https://www.eliteprospects.com/player/1694/reid-simonton"
"792";"https://www.eliteprospects.com/player/792/jim-ivars"
"1695";"https://www.eliteprospects.com/player/1695/mario-brunetta"
"1177";"https://www.eliteprospects.com/player/1177/niklas-dyren"
"4214";"https://www.eliteprospects.com/player/4214/jan-lundell"
"982";"https://www.eliteprospects.com/player/982/johan-astrom"
"821";"https://www.eliteprospects.com/player/821/andreas-sundvall"
"4517";"https://www.eliteprospects.com/player/4517/jens-fredriksson"
"862";"https://www.eliteprospects.com/player/862/patrik-lindfors"
"120787";"https://www.eliteprospects.com/player/120787/martin-albihn"
"1918";"https://www.eliteprospects.com/player/1918/marko-leinonen"
"137736";"https://www.eliteprospects.com/player/137736/kristoffer-nyberg"
"1663";"https://www.eliteprospects.com/player/1663/vadim-slivchenko"
"1281";"https://www.eliteprospects.com/player/1281/rickard-renberg"
"775";"https://www.eliteprospects.com/player/775/daniel-westin"
"4927";"https://www.eliteprospects.com/player/4927/tom-olsson"
"1813";"https://www.eliteprospects.com/player/1813/jani-nikko"
"1814";"https://www.eliteprospects.com/player/1814/fredrik-johnsson"
"118893";"https://www.eliteprospects.com/player/118893/marcus-liljeblad"
"7943";"https://www.eliteprospects.com/player/7943/marco-poulsen"
"119007";"https://www.eliteprospects.com/player/119007/johan-hogberg"
"311";"https://www.eliteprospects.com/player/311/patrik-allvin"
"1268";"https://www.eliteprospects.com/player/1268/johan-reineck"
"6394";"https://www.eliteprospects.com/player/6394/andreas-hallberg"
"1262";"https://www.eliteprospects.com/player/1262/jonas-fandriks"
"3456";"https://www.eliteprospects.com/player/3456/tamas-groschl"
"897";"https://www.eliteprospects.com/player/897/daniel-christiansson"
"3411";"https://www.eliteprospects.com/player/3411/denis-chervyakov"
"836";"https://www.eliteprospects.com/player/836/matthias-holmstedt"
"878";"https://www.eliteprospects.com/player/878/stefan-holmgren"
"3412";"https://www.eliteprospects.com/player/3412/dmitri-chikin"
"1180";"https://www.eliteprospects.com/player/1180/dennis-ejdeholm"
"2121";"https://www.eliteprospects.com/player/2121/dave-archibald"
"2122";"https://www.eliteprospects.com/player/2122/fredrik-wallberg"
"2123";"https://www.eliteprospects.com/player/2123/oleg-yashin"
"2124";"https://www.eliteprospects.com/player/2124/rod-miller"
"120040";"https://www.eliteprospects.com/player/120040/daniel-strid"
"8430";"https://www.eliteprospects.com/player/8430/jens-kellertz"
"1208";"https://www.eliteprospects.com/player/1208/jonas-norberg"
"1263";"https://www.eliteprospects.com/player/1263/jonas-ferm"
"1720";"https://www.eliteprospects.com/player/1720/marten-parbrand"
"929";"https://www.eliteprospects.com/player/929/jesper-andersson"
"2125";"https://www.eliteprospects.com/player/2125/mattias-elm"
